Secondary Structure Prediction Output (Part of REGAd3p ASA Prediction)
TARGET: P62495-1, Length: 60

SR#  AA  SSp  pCoil          pBeta          pHelix
1    M   C    0.619471       0.144679       0.23585
2    A   C    0.422285       0.346685       0.231031
3    D   C    0.441875       0.334174       0.223951
4    D   E    0.343275       0.418238       0.238487
5    P   E    0.306788       0.468939       0.224273
6    S   E    0.205063       0.566927       0.228011
7    A   E    0.147429       0.626521       0.22605
8    A   E    0.137699       0.694096       0.168205
9    D   E    0.156814       0.714643       0.128543
10   R   E    0.156796       0.772274       0.0709298
11   N   E    0.170617       0.78236        0.0470232
12   V   E    0.0434424      0.921982       0.0345754
13   E   E    0.0191487      0.961528       0.0193235
14   I   E    0.00774127     0.973761       0.018498
15   W   E    0.00757792     0.979873       0.0125494
16   K   E    0.0158958      0.966009       0.0180951
17   I   E    0.037629       0.917407       0.0449637
18   K   E    0.0984917      0.862462       0.0390466
19   K   E    0.235163       0.706315       0.0585224
20   L   E    0.135933       0.796215       0.0678519
21   I   E    0.0849568      0.850627       0.0644161
22   K   E    0.104682       0.826974       0.068344
23   S   E    0.156812       0.772461       0.0707262
24   L   E    0.100855       0.778167       0.120978
25   E   E    0.0872065      0.812993       0.0998004
26   A   E    0.093386       0.688852       0.217762
27   A   E    0.0944194      0.700247       0.205334
28   R   E    0.108021       0.673151       0.218828
29   G   E    0.164332       0.648659       0.187008
30   N   E    0.243791       0.635576       0.120633
31   G   E    0.24934        0.676245       0.0744156
32   T   E    0.206235       0.738567       0.0551986
33   S   E    0.130141       0.8408         0.0290588
34   M   E    0.0533533      0.927407       0.0192393
35   I   E    0.0308201      0.956463       0.0127167
36   S   E    0.0394439      0.950786       0.00976982
37   L   E    0.0417841      0.94148        0.0167361
38   I   E    0.0159775      0.975929       0.00809351
39   I   E    0.0141547      0.978537       0.00730798
40   P   E    0.0415454      0.944428       0.0140262
41   P   E    0.059706       0.913973       0.0263208
42   K   E    0.10862        0.84443        0.0469498
43   D   E    0.147395       0.756922       0.0956833
44   Q   E    0.108256       0.833829       0.0579149
45   I   E    0.0823977      0.854105       0.0634976
46   S   E    0.0879916      0.848063       0.0639457
47   R   E    0.130846       0.77844        0.090714
48   V   E    0.126673       0.763721       0.109607
49   A   E    0.131699       0.769945       0.098356
50   K   E    0.132682       0.787169       0.0801491
51   M   E    0.0732723      0.850492       0.0762359
52   L   E    0.0457092      0.791446       0.162845
53   A   E    0.0431622      0.757416       0.199422
54   D   E    0.0333249      0.719492       0.247183
55   E   E    0.0308232      0.793318       0.175858
56   F   E    0.0246908      0.832919       0.14239
57   G   E    0.0650591      0.81187        0.12307
58   T   E    0.149812       0.697205       0.152983
59   A   E    0.243125       0.584032       0.172843
60   S   C    0.563856       0.29046        0.145684
END
