Secondary Structure Prediction Output (Part of REGAd3p ASA Prediction)
TARGET: P37231-1, Length: 60

SR#  AA  SSp  pCoil          pBeta          pHelix
1    M   C    0.656121       0.279579       0.0643002
2    G   E    0.421131       0.540146       0.0387231
3    E   E    0.297537       0.668469       0.0339938
4    T   E    0.220178       0.748124       0.0316986
5    L   E    0.193353       0.764803       0.0418446
6    G   E    0.210574       0.756038       0.0333881
7    D   E    0.215757       0.763903       0.0203403
8    S   E    0.247125       0.742396       0.0104788
9    P   E    0.256405       0.73308        0.0105158
10   I   E    0.155717       0.825681       0.0186026
11   D   E    0.163512       0.819001       0.0174867
12   P   E    0.2235         0.753165       0.0233353
13   E   E    0.323705       0.627641       0.0486541
14   S   E    0.320283       0.63765        0.0420672
15   D   E    0.349378       0.605417       0.045205
16   S   E    0.215636       0.743009       0.0413552
17   F   E    0.200751       0.740804       0.0584443
18   T   E    0.169111       0.735995       0.0948941
19   D   E    0.23432        0.666099       0.0995816
20   T   E    0.217346       0.697598       0.0850563
21   L   E    0.196525       0.702919       0.100556
22   S   E    0.241783       0.674436       0.0837806
23   A   E    0.273227       0.610352       0.116421
24   N   E    0.225394       0.683229       0.0913774
25   I   E    0.137006       0.749338       0.113656
26   S   E    0.15134        0.698001       0.150659
27   Q   E    0.150767       0.666681       0.182552
28   E   E    0.137066       0.752328       0.110606
29   M   E    0.123721       0.813793       0.0624859
30   T   E    0.112124       0.839884       0.0479914
31   M   E    0.0831601      0.86526        0.0515798
32   V   E    0.0866952      0.867911       0.0453939
33   D   E    0.148372       0.794332       0.0572955
34   T   E    0.296187       0.635629       0.0681834
35   E   E    0.328347       0.608853       0.0628
36   M   E    0.299895       0.653092       0.0470133
37   P   E    0.221723       0.730368       0.0479091
38   F   E    0.0771192      0.896835       0.0260459
39   W   E    0.0672274      0.908585       0.0241876
40   P   E    0.0824974      0.88881        0.0286923
41   T   E    0.0958418      0.864189       0.0399688
42   N   E    0.0901442      0.869145       0.0407106
43   F   E    0.09136        0.869825       0.0388149
44   G   E    0.142282       0.830038       0.0276805
45   I   E    0.157583       0.790142       0.0522746
46   S   E    0.131616       0.836874       0.0315099
47   S   E    0.167137       0.806277       0.0265855
48   V   E    0.138239       0.835619       0.0261417
49   D   E    0.13338        0.844269       0.0223516
50   L   E    0.132983       0.836858       0.0301584
51   S   E    0.0994445      0.860596       0.0399594
52   V   E    0.0620741      0.855042       0.0828842
53   M   E    0.0445561      0.820422       0.135022
54   E   E    0.0503926      0.747674       0.201933
55   D   E    0.0761957      0.701982       0.221823
56   H   E    0.0955199      0.611635       0.292845
57   S   E    0.112134       0.69108        0.196786
58   H   E    0.160564       0.686066       0.15337
59   S   E    0.245813       0.672023       0.0821641
60   F   E    0.3705         0.480282       0.149218
END
