Secondary Structure Prediction Output (Part of REGAd3p ASA Prediction)
TARGET: P09651-1, Length: 60

SR#  AA  SSp  pCoil          pBeta          pHelix
1    M   C    0.625459       0.287058       0.0874831
2    S   E    0.342174       0.594284       0.0635415
3    K   E    0.248531       0.672232       0.0792371
4    S   E    0.143271       0.7642         0.0925292
5    E   E    0.0890312      0.823858       0.0871108
6    S   E    0.0919286      0.859739       0.0483327
7    P   E    0.088373       0.866355       0.0452715
8    K   E    0.0526147      0.923197       0.024188
9    E   E    0.0889148      0.884647       0.026438
10   P   E    0.11451        0.83303        0.0524598
11   E   E    0.113991       0.835829       0.0501806
12   Q   E    0.141165       0.809644       0.0491918
13   L   E    0.160151       0.761926       0.0779235
14   R   E    0.172532       0.770776       0.0566922
15   K   E    0.165108       0.765588       0.0693043
16   L   E    0.0345886      0.916065       0.0493459
17   F   E    0.013561       0.955582       0.0308566
18   I   E    0.0126987      0.942525       0.0447762
19   G   E    0.0520878      0.888132       0.0597806
20   G   E    0.0654909      0.889001       0.0455078
21   L   E    0.050173       0.89651        0.0533173
22   S   E    0.056451       0.899535       0.0440144
23   F   E    0.0406643      0.90276        0.056576
24   E   E    0.0429846      0.922497       0.0345185
25   T   E    0.0417512      0.91854        0.0397086
26   T   E    0.0568948      0.876605       0.0665001
27   D   E    0.079647       0.842545       0.0778076
28   E   E    0.0759661      0.824869       0.0991649
29   S   E    0.10197        0.782085       0.115945
30   L   E    0.0872994      0.766781       0.145919
31   R   E    0.106218       0.751902       0.14188
32   S   E    0.0946753      0.734643       0.170681
33   H   E    0.0441557      0.851295       0.104549
34   F   E    0.0130158      0.9048         0.0821838
35   E   E    0.0226592      0.893783       0.0835582
36   Q   E    0.0332813      0.905489       0.0612295
37   W   E    0.0384551      0.93112        0.0304251
38   G   E    0.0578169      0.924257       0.0179261
39   T   E    0.0565188      0.927687       0.0157944
40   L   E    0.0525837      0.919377       0.0280392
41   T   E    0.0471975      0.916637       0.0361657
42   D   E    0.0268707      0.941268       0.0318613
43   C   E    0.0137893      0.966428       0.0197827
44   V   E    0.0135176      0.974389       0.0120938
45   V   E    0.0213669      0.960727       0.0179062
46   M   E    0.0549737      0.889201       0.0558255
47   R   E    0.104511       0.831713       0.0637761
48   D   E    0.183747       0.712998       0.103255
49   P   E    0.210246       0.682716       0.107038
50   N   E    0.28719        0.607978       0.104833
51   T   E    0.257954       0.54694        0.195106
52   K   E    0.228686       0.527822       0.243492
53   R   E    0.142121       0.525973       0.331906
54   S   E    0.0832442      0.608719       0.308037
55   R   E    0.0733135      0.695262       0.231424
56   G   E    0.0640047      0.798213       0.137782
57   F   E    0.0288198      0.895182       0.0759985
58   G   E    0.0543858      0.902251       0.0433632
59   F   E    0.101087       0.832825       0.0660875
60   V   E    0.255974       0.61027        0.133757
END
