Secondary Structure Prediction Output (Part of REGAd3p ASA Prediction)
TARGET: P03372-1, Length: 60

SR#  AA  SSp  pCoil          pBeta          pHelix
1    M   C    0.482361       0.412082       0.105557
2    T   E    0.240227       0.691292       0.0684803
3    M   E    0.232526       0.681231       0.0862427
4    T   E    0.186798       0.759036       0.0541655
5    L   E    0.172066       0.774434       0.0535
6    H   E    0.138409       0.822872       0.0387189
7    T   E    0.0915705      0.878755       0.0296742
8    K   E    0.107544       0.858321       0.0341357
9    A   E    0.104363       0.84562        0.0500166
10   S   E    0.131219       0.812075       0.0567054
11   G   E    0.140251       0.808598       0.0511509
12   M   E    0.102739       0.861866       0.0353944
13   A   E    0.117831       0.845161       0.0370077
14   L   E    0.1502         0.781253       0.0685469
15   L   E    0.171178       0.69627        0.132551
16   H   E    0.102413       0.786398       0.111189
17   Q   E    0.0658663      0.892737       0.0413963
18   I   E    0.0566422      0.907708       0.0356502
19   Q   E    0.09548        0.875349       0.0291714
20   G   E    0.192092       0.762454       0.0454547
21   N   E    0.23554        0.723092       0.0413685
22   E   E    0.118812       0.863219       0.0179687
23   L   E    0.0931147      0.891311       0.0155738
24   E   E    0.0770838      0.915169       0.0077469
25   P   E    0.120391       0.869921       0.00968875
26   L   E    0.154758       0.828057       0.0171842
27   N   E    0.195769       0.773553       0.0306777
28   R   E    0.193801       0.777529       0.0286694
29   P   E    0.189701       0.792397       0.0179016
30   Q   E    0.150749       0.839649       0.00960228
31   L   E    0.160635       0.825029       0.0143357
32   K   E    0.112736       0.878702       0.0085613
33   I   E    0.0671098      0.92526        0.00763074
34   P   E    0.0970751      0.892489       0.0104356
35   L   E    0.0829401      0.903719       0.0133408
36   E   E    0.0636585      0.924706       0.0116358
37   R   E    0.128228       0.862454       0.00931785
38   P   E    0.193182       0.799567       0.0072505
39   L   E    0.15187        0.837668       0.0104611
40   G   E    0.0956709      0.894511       0.00981793
41   E   E    0.0502863      0.945259       0.00445451
42   V   E    0.0164894      0.981555       0.00195582
43   Y   E    0.00575672     0.993242       0.00100156
44   L   E    0.00637512     0.992486       0.00113883
45   D   E    0.0185433      0.978996       0.00246066
46   S   E    0.0461489      0.949363       0.00448799
47   S   E    0.110126       0.884191       0.00568274
48   K   E    0.107961       0.885001       0.00703794
49   P   E    0.0878216      0.89892        0.0132586
50   A   E    0.0394992      0.95453        0.00597126
51   V   E    0.042999       0.950151       0.00684984
52   Y   E    0.0450328      0.945891       0.00907621
53   N   E    0.0632795      0.925656       0.0110642
54   Y   E    0.0789628      0.90281        0.0182269
55   P   E    0.0516267      0.925944       0.0224292
56   E   E    0.0494767      0.917819       0.0327044
57   G   E    0.0691833      0.896616       0.0342012
58   A   E    0.0970042      0.871125       0.0318708
59   A   E    0.178572       0.795219       0.0262088
60   Y   E    0.439552       0.510037       0.0504108
END
