Secondary Structure Prediction Output (Part of REGAd3p ASA Prediction)
TARGET: Q9NQI0-1, Length: 60

SR#  AA  SSp  pCoil          pBeta          pHelix
1    M   E    0.450463       0.47869        0.0708466
2    G   E    0.231947       0.72546        0.0425924
3    D   E    0.0747377      0.844228       0.081034
4    E   E    0.0175184      0.939065       0.0434163
5    D   E    0.00723214     0.973492       0.0192763
6    W   E    0.00212881     0.982486       0.0153851
7    E   E    0.0064811      0.982296       0.0112227
8    A   E    0.0132702      0.969021       0.0177088
9    E   E    0.022429       0.961994       0.0155767
10   I   E    0.0397198      0.94004        0.0202405
11   N   E    0.178967       0.799343       0.0216893
12   P   E    0.189572       0.79164        0.0187881
13   H   E    0.142184       0.847102       0.0107138
14   M   E    0.134233       0.858043       0.0077237
15   S   E    0.206353       0.787451       0.00619567
16   S   E    0.117755       0.876922       0.00532346
17   Y   E    0.0954085      0.898396       0.00619498
18   V   E    0.0550926      0.939161       0.00574677
19   P   E    0.0342487      0.961219       0.00453251
20   I   E    0.0186541      0.977476       0.00387027
21   F   E    0.0196336      0.974027       0.00633939
22   E   E    0.0654803      0.920888       0.0136315
23   K   E    0.208686       0.760443       0.0308709
24   D   E    0.282223       0.675181       0.0425961
25   R   E    0.235037       0.736765       0.0281976
26   Y   E    0.317248       0.638502       0.04425
27   S   E    0.324011       0.624932       0.051057
28   G   E    0.359638       0.560339       0.0800225
29   E   E    0.458091       0.464372       0.0775372
30   N   C    0.482374       0.430115       0.0875115
31   G   C    0.47174        0.414593       0.113666
32   D   E    0.307936       0.553561       0.138503
33   N   E    0.22739        0.629648       0.142962
34   F   E    0.216311       0.619766       0.163923
35   N   E    0.304991       0.541379       0.15363
36   R   E    0.315206       0.589198       0.0955961
37   T   E    0.311          0.620524       0.0684763
38   P   E    0.339047       0.598315       0.0626371
39   A   E    0.291866       0.662487       0.0456474
40   S   E    0.327471       0.603977       0.0685515
41   S   E    0.335931       0.545908       0.118162
42   S   E    0.222138       0.69602        0.0818426
43   E   E    0.212266       0.663772       0.123962
44   M   E    0.196671       0.656664       0.146664
45   D   E    0.288071       0.528759       0.18317
46   D   E    0.368947       0.460059       0.170994
47   G   C    0.532197       0.359566       0.108236
48   P   C    0.481679       0.339586       0.178734
49   S   C    0.397729       0.36038        0.241891
50   R   H    0.280118       0.349436       0.370446
51   R   H    0.259329       0.289385       0.451286
52   D   H    0.217228       0.362467       0.420305
53   H   E    0.161441       0.501241       0.337319
54   F   E    0.116903       0.695713       0.187384
55   M   E    0.196815       0.597618       0.205567
56   K   E    0.237673       0.525365       0.236962
57   S   E    0.190879       0.508215       0.300905
58   G   E    0.221005       0.544146       0.23485
59   F   E    0.251405       0.600538       0.148058
60   A   C    0.574443       0.268818       0.156739
END
