Secondary Structure Prediction Output (Part of REGAd3p ASA Prediction)
TARGET: Q09161, Length: 60

SR#  AA  SSp  pCoil          pBeta          pHelix
1    M   E    0.234881       0.397915       0.367204
2    S   E    0.142519       0.509862       0.347618
3    R   E    0.10912        0.47659        0.414289
4    R   E    0.0995824      0.614681       0.285736
5    R   E    0.137948       0.687241       0.174811
6    H   E    0.162785       0.633579       0.203636
7    S   E    0.18482        0.601108       0.214072
8    D   E    0.15181        0.595712       0.252479
9    E   E    0.126047       0.617865       0.256088
10   N   E    0.12438        0.573579       0.30204
11   D   E    0.131084       0.590582       0.278334
12   G   E    0.17142        0.597749       0.230831
13   G   E    0.235798       0.560102       0.204101
14   Q   E    0.255289       0.537903       0.206808
15   P   E    0.379404       0.379619       0.240978
16   H   E    0.321645       0.467245       0.211109
17   K   E    0.252714       0.559545       0.187741
18   R   E    0.253471       0.666529       0.0800001
19   R   E    0.254849       0.715065       0.0300857
20   K   E    0.288502       0.686613       0.0248843
21   T   E    0.311083       0.66338        0.0255374
22   S   E    0.225005       0.751152       0.0238424
23   D   E    0.280233       0.691455       0.0283124
24   A   E    0.224655       0.752169       0.0231758
25   N   E    0.195776       0.780123       0.024101
26   E   E    0.137436       0.837028       0.0255368
27   T   E    0.0857985      0.889846       0.0243556
28   E   E    0.0928723      0.88136        0.0257674
29   D   E    0.127294       0.850878       0.0218279
30   H   E    0.126757       0.863886       0.00935667
31   L   E    0.106834       0.880694       0.0124726
32   E   E    0.14657        0.843603       0.00982661
33   S   E    0.242081       0.745455       0.0124641
34   L   E    0.198462       0.780095       0.0214434
35   I   E    0.0936265      0.889495       0.0168786
36   C   E    0.100749       0.874961       0.0242895
37   K   E    0.128355       0.850932       0.0207121
38   V   E    0.0610406      0.919578       0.0193818
39   G   E    0.0688226      0.919431       0.0117466
40   E   E    0.0880995      0.902584       0.00931617
41   K   E    0.114629       0.875537       0.00983477
42   S   E    0.139899       0.839581       0.0205196
43   A   E    0.0932147      0.892771       0.0140142
44   C   E    0.108001       0.880035       0.0119637
45   S   E    0.188193       0.801872       0.00993538
46   L   E    0.122233       0.871284       0.00648307
47   E   E    0.105294       0.891717       0.00298884
48   S   E    0.185168       0.810639       0.00419245
49   N   E    0.17735        0.818716       0.00393354
50   L   E    0.0745973      0.91924        0.00616227
51   E   E    0.0621965      0.931319       0.00648403
52   G   E    0.101468       0.888715       0.00981726
53   L   E    0.0927724      0.886351       0.0208766
54   A   E    0.0448453      0.942724       0.0124306
55   G   E    0.112043       0.877395       0.0105624
56   V   E    0.148414       0.841464       0.0101216
57   L   E    0.0925266      0.88841        0.0190629
58   E   E    0.181734       0.783374       0.0348919
59   A   E    0.412328       0.539817       0.047855
60   D   C    0.543918       0.394409       0.0616729
END
