Secondary Structure Prediction Output (Part of REGAd3p ASA Prediction)
TARGET: P78504-1, Length: 60

SR#  AA  SSp  pCoil          pBeta          pHelix
1    M   C    0.628434       0.35159        0.019976
2    R   C    0.589921       0.394175       0.0159046
3    S   C    0.688468       0.284018       0.0275134
4    P   E    0.451972       0.509636       0.0383923
5    R   E    0.255427       0.718197       0.0263761
6    T   E    0.2278         0.74883        0.0233697
7    R   E    0.177326       0.811242       0.0114319
8    G   E    0.249162       0.736249       0.0145891
9    R   E    0.340885       0.645992       0.0131235
10   S   E    0.409266       0.577845       0.012889
11   G   E    0.351048       0.640959       0.00799359
12   R   E    0.255566       0.740569       0.00386451
13   P   E    0.257203       0.739044       0.00375244
14   L   E    0.291083       0.705104       0.00381283
15   S   E    0.270359       0.72505        0.00459127
16   L   E    0.350902       0.642197       0.0069001
17   L   E    0.182714       0.813742       0.00354472
18   L   E    0.118158       0.879149       0.0026928
19   A   E    0.105955       0.892221       0.00182396
20   L   E    0.135003       0.862916       0.00208157
21   L   E    0.20442        0.790547       0.00503226
22   C   E    0.166326       0.826699       0.00697434
23   A   E    0.162777       0.82935        0.00787302
24   L   E    0.135788       0.855223       0.00898874
25   R   E    0.123722       0.869167       0.00711075
26   A   E    0.173247       0.818384       0.00836906
27   K   E    0.192106       0.802659       0.00523465
28   V   E    0.113642       0.880856       0.00550181
29   C   E    0.0852599      0.908883       0.0058571
30   G   E    0.119859       0.873565       0.00657662
31   A   E    0.142455       0.849361       0.00818433
32   S   E    0.0815123      0.910943       0.00754477
33   G   E    0.0561619      0.937835       0.0060029
34   Q   E    0.0235059      0.974864       0.00162987
35   F   E    0.0196396      0.979474       0.000886137
36   E   E    0.0687299      0.930312       0.000957987
37   L   E    0.0803856      0.918257       0.00135781
38   E   E    0.0967017      0.902008       0.00128992
39   I   E    0.076173       0.922586       0.00124067
40   L   E    0.112679       0.885315       0.00200601
41   S   E    0.0805383      0.917514       0.00194786
42   M   E    0.0670141      0.930668       0.00231743
43   Q   E    0.0738531      0.924706       0.00144085
44   N   E    0.148219       0.85001        0.00177115
45   V   E    0.0819066      0.91656        0.00153375
46   N   E    0.116925       0.880686       0.00238884
47   G   E    0.174822       0.822702       0.00247563
48   E   E    0.21574        0.781966       0.0022936
49   L   E    0.127873       0.868861       0.00326636
50   Q   E    0.101715       0.895004       0.00328103
51   N   E    0.195292       0.797071       0.0076375
52   G   E    0.20623        0.781169       0.0126002
53   N   E    0.061163       0.920085       0.0187518
54   C   E    0.0139839      0.972824       0.013192
55   C   E    0.0153897      0.971157       0.0134533
56   G   E    0.0466831      0.93096        0.0223572
57   G   E    0.0997443      0.863589       0.0366667
58   A   E    0.205365       0.746998       0.0476377
59   R   C    0.491746       0.467883       0.0403717
60   N   C    0.82657        0.137712       0.0357183
END
