Secondary Structure Prediction Output (Part of REGAd3p ASA Prediction)
TARGET: P25963, Length: 60

SR#  AA  SSp  pCoil          pBeta          pHelix
1    M   C    0.407408       0.236096       0.356496
2    F   H    0.169082       0.412342       0.418576
3    Q   E    0.145249       0.456866       0.397885
4    A   E    0.120387       0.450004       0.429609
5    A   H    0.128754       0.35866        0.512585
6    E   H    0.0951372      0.440252       0.464611
7    R   E    0.129391       0.440649       0.42996
8    P   H    0.117147       0.38725        0.495603
9    Q   E    0.0701965      0.609462       0.320342
10   E   E    0.0361076      0.673029       0.290863
11   W   E    0.0138197      0.81417        0.17201
12   A   E    0.0258205      0.749409       0.224771
13   M   E    0.0384884      0.577243       0.384268
14   E   E    0.0718314      0.581104       0.347065
15   G   E    0.150567       0.559482       0.289952
16   P   E    0.215569       0.478591       0.30584
17   R   E    0.167542       0.584433       0.248025
18   D   E    0.17791        0.594869       0.227221
19   G   E    0.244731       0.509488       0.24578
20   L   E    0.276012       0.415867       0.308121
21   K   E    0.192522       0.605009       0.202468
22   K   E    0.195313       0.562712       0.241976
23   E   E    0.200987       0.507572       0.291441
24   R   E    0.167399       0.590447       0.242154
25   L   E    0.129846       0.501286       0.368868
26   L   E    0.082088       0.531384       0.386528
27   D   E    0.0734701      0.728969       0.197561
28   D   E    0.0422444      0.87437        0.083386
29   R   E    0.0330607      0.916753       0.050186
30   H   E    0.016734       0.911612       0.0716541
31   D   E    0.0137707      0.942915       0.0433138
32   S   E    0.014041       0.967192       0.0187667
33   G   E    0.027279       0.951133       0.0215877
34   L   E    0.0239551      0.930217       0.0458279
35   D   E    0.0244635      0.944456       0.0310804
36   S   E    0.0445776      0.925502       0.0299205
37   M   E    0.045649       0.916853       0.0374981
38   K   E    0.0799305      0.859721       0.0603481
39   D   E    0.0870082      0.812401       0.100591
40   E   E    0.0958084      0.831702       0.0724892
41   E   E    0.125103       0.812028       0.0628689
42   Y   E    0.113618       0.753855       0.132526
43   E   E    0.183615       0.614191       0.202194
44   Q   E    0.148857       0.671491       0.179652
45   M   E    0.132853       0.740057       0.12709
46   V   E    0.0926534      0.719661       0.187686
47   K   E    0.100972       0.710533       0.188495
48   E   E    0.105516       0.733687       0.160796
49   L   E    0.0625172      0.775099       0.162383
50   Q   E    0.0675546      0.833688       0.0987573
51   E   E    0.157177       0.693429       0.149394
52   I   E    0.111574       0.776301       0.112125
53   R   E    0.212403       0.67765        0.109947
54   L   E    0.194505       0.656898       0.148597
55   E   E    0.151897       0.770534       0.0775699
56   P   E    0.0929635      0.853325       0.0537116
57   Q   E    0.0792737      0.892149       0.0285768
58   E   E    0.142929       0.841636       0.0154349
59   V   E    0.367625       0.616541       0.015834
60   P   C    0.638392       0.320998       0.0406099
END
