Secondary Structure Prediction Output (Part of REGAd3p ASA Prediction)
TARGET: P17096-1, Length: 60

SR#  AA  SSp  pCoil          pBeta          pHelix
1    M   C    0.729253       0.235446       0.0353004
2    S   C    0.574782       0.366301       0.0589176
3    E   C    0.619119       0.254958       0.125923
4    S   C    0.605338       0.221112       0.17355
5    S   C    0.611268       0.146523       0.242209
6    S   C    0.611473       0.112791       0.275737
7    K   C    0.620634       0.113155       0.266211
8    S   C    0.628057       0.0921576      0.279786
9    S   C    0.764525       0.0544029      0.181072
10   Q   C    0.762587       0.0585349      0.178879
11   P   C    0.69852        0.0657999      0.235681
12   L   C    0.521654       0.0713907      0.406955
13   A   C    0.495329       0.0784756      0.426196
14   S   C    0.591033       0.0661852      0.342782
15   K   C    0.554585       0.0465822      0.398833
16   Q   C    0.549892       0.0441751      0.405933
17   E   C    0.596213       0.0307377      0.373049
18   K   C    0.546574       0.0336111      0.419815
19   D   C    0.647548       0.0235046      0.328948
20   G   C    0.57697        0.0231145      0.399916
21   T   H    0.394514       0.0325776      0.572908
22   E   H    0.326403       0.0355444      0.638053
23   K   H    0.35534        0.0363797      0.60828
24   R   C    0.493333       0.0380201      0.468646
25   G   C    0.694066       0.041111       0.264823
26   R   C    0.804421       0.0425397      0.153039
27   G   C    0.890536       0.0484507      0.0610134
28   R   C    0.901822       0.0468679      0.0513105
29   P   C    0.873526       0.0678497      0.0586239
30   R   C    0.797647       0.0839483      0.118405
31   K   C    0.753837       0.145231       0.100931
32   Q   C    0.847684       0.105056       0.0472596
33   P   C    0.88775        0.0743066      0.0379432
34   P   C    0.886229       0.0727033      0.0410679
35   V   C    0.78433        0.167825       0.0478457
36   S   C    0.850463       0.122282       0.0272547
37   P   C    0.809725       0.143473       0.0468023
38   G   C    0.820399       0.136489       0.0431116
39   T   C    0.711006       0.231368       0.0576255
40   A   C    0.666454       0.284924       0.0486218
41   L   C    0.687453       0.274294       0.0382526
42   V   C    0.779776       0.18472        0.0355045
43   G   C    0.839905       0.11814        0.0419545
44   S   C    0.824705       0.135292       0.0400023
45   Q   C    0.792908       0.168531       0.0385604
46   K   C    0.777144       0.181458       0.0413979
47   E   C    0.857266       0.120655       0.0220785
48   P   C    0.869095       0.0904976      0.0404077
49   S   C    0.897227       0.0825637      0.0202092
50   E   C    0.823368       0.155345       0.0212872
51   V   C    0.862475       0.126687       0.0108377
52   P   C    0.860655       0.124674       0.0146714
53   T   C    0.830147       0.137586       0.032267
54   P   C    0.737491       0.203208       0.0593012
55   K   C    0.689017       0.240761       0.070222
56   R   C    0.741049       0.210868       0.0480821
57   P   C    0.809694       0.128318       0.0619883
58   R   C    0.848383       0.0955589      0.056058
59   G   C    0.909287       0.0613915      0.0293212
60   R   C    0.939295       0.0244741      0.0362312
END
