Secondary Structure Prediction Output (Part of REGAd3p ASA Prediction)
TARGET: P50616, Length: 60

SR#  AA  SSp  pCoil          pBeta          pHelix
1    M   C    0.637123       0.205642       0.157235
2    Q   E    0.330063       0.557856       0.112081
3    L   E    0.139599       0.715596       0.144805
4    E   E    0.0539769      0.873174       0.0728491
5    I   E    0.0169977      0.921351       0.0616514
6    Q   E    0.022083       0.941266       0.0366511
7    V   E    0.0147038      0.954761       0.030535
8    A   E    0.0214369      0.948618       0.0299447
9    L   E    0.0223352      0.933739       0.0439261
10   N   E    0.0408768      0.922243       0.0368801
11   F   E    0.0222579      0.943162       0.0345797
12   I   E    0.0259584      0.932941       0.041101
13   I   E    0.0490805      0.877774       0.0731452
14   S   E    0.123796       0.809921       0.0662826
15   Y   E    0.0913028      0.835842       0.0728554
16   L   E    0.0636582      0.857668       0.0786736
17   Y   E    0.0615347      0.862776       0.0756894
18   N   E    0.120037       0.79055        0.0894136
19   K   E    0.149355       0.742646       0.107999
20   L   E    0.0911394      0.822466       0.0863945
21   P   E    0.102259       0.811883       0.085858
22   R   E    0.156431       0.705218       0.13835
23   R   E    0.135575       0.768971       0.0954542
24   R   E    0.151939       0.770899       0.0771626
25   V   E    0.130382       0.778772       0.0908469
26   N   E    0.0926941      0.822177       0.0851292
27   I   E    0.0257009      0.892901       0.0813982
28   F   E    0.00962818     0.935143       0.0552289
29   G   E    0.013489       0.935762       0.050749
30   E   E    0.0158974      0.940436       0.0436667
31   E   E    0.0157099      0.96363        0.0206596
32   L   E    0.0438365      0.869431       0.0867321
33   E   E    0.0668398      0.799554       0.133606
34   R   E    0.138436       0.725118       0.136446
35   L   E    0.163828       0.686231       0.149941
36   L   E    0.135831       0.678721       0.185447
37   K   E    0.198544       0.576773       0.224683
38   K   E    0.174637       0.551368       0.273995
39   K   E    0.0997857      0.750699       0.149516
40   Y   E    0.0339488      0.892874       0.0731771
41   E   E    0.034584       0.891747       0.0736687
42   G   E    0.0401471      0.849162       0.110691
43   H   E    0.011317       0.954467       0.0342163
44   W   E    0.00383357     0.983417       0.0127497
45   Y   E    0.00807667     0.979824       0.0120994
46   P   E    0.0183497      0.957297       0.0243532
47   E   E    0.0464256      0.922205       0.0313694
48   K   E    0.0879334      0.88489        0.0271764
49   P   E    0.0835973      0.87648        0.0399223
50   Y   E    0.0421991      0.913278       0.0445228
51   K   E    0.0693672      0.855861       0.0747722
52   G   E    0.0589039      0.838058       0.103039
53   S   E    0.0504394      0.888997       0.0605638
54   G   E    0.0330021      0.916086       0.0509118
55   F   E    0.0196134      0.93829        0.0420965
56   R   E    0.024405       0.936254       0.0393408
57   C   E    0.0267852      0.934379       0.0388356
58   I   E    0.0503916      0.912068       0.0375403
59   H   E    0.182711       0.777264       0.0400253
60   I   C    0.483977       0.415134       0.100889
END
