Secondary Structure Prediction Output (Part of REGAd3p ASA Prediction)
TARGET: Q13485, Length: 60

SR#  AA  SSp  pCoil          pBeta          pHelix
1    M   C    0.707744       0.260473       0.0317833
2    D   C    0.5396         0.438848       0.0215524
3    N   C    0.566763       0.407067       0.0261701
4    M   E    0.305025       0.668144       0.0268314
5    S   E    0.183243       0.797986       0.0187713
6    I   E    0.143211       0.838304       0.0184851
7    T   E    0.170762       0.807884       0.0213538
8    N   E    0.227671       0.751045       0.021284
9    T   E    0.199812       0.78441        0.0157787
10   P   E    0.149485       0.838357       0.0121586
11   T   E    0.14014        0.847322       0.0125388
12   S   E    0.161208       0.815307       0.0234842
13   N   E    0.188785       0.773662       0.0375534
14   D   E    0.112648       0.842348       0.0450041
15   A   E    0.0664127      0.903315       0.0302724
16   C   E    0.0563421      0.920018       0.0236395
17   L   E    0.0845953      0.880614       0.0347902
18   S   E    0.120043       0.846418       0.0335388
19   I   E    0.0602742      0.912306       0.0274199
20   V   E    0.0706139      0.894714       0.0346725
21   H   E    0.0645747      0.90571        0.0297148
22   S   E    0.125189       0.833282       0.0415294
23   L   E    0.0859977      0.841604       0.0723981
24   M   E    0.0413037      0.857938       0.100758
25   C   E    0.0490726      0.810435       0.140493
26   H   E    0.0871633      0.730493       0.182344
27   R   E    0.117207       0.745419       0.137374
28   Q   E    0.187307       0.703438       0.109255
29   G   E    0.264933       0.646037       0.0890298
30   G   E    0.257109       0.680991       0.061901
31   E   E    0.173187       0.765191       0.0616219
32   S   E    0.121525       0.82341        0.0550647
33   E   E    0.0568185      0.878079       0.0651028
34   T   E    0.0341797      0.913053       0.0527669
35   F   E    0.0223158      0.925167       0.0525169
36   A   E    0.0700758      0.832153       0.097771
37   K   E    0.131115       0.766963       0.101922
38   R   E    0.10753        0.83811        0.05436
39   A   E    0.0668742      0.907539       0.0255865
40   I   E    0.032687       0.955181       0.0121321
41   E   E    0.043642       0.943482       0.012876
42   S   E    0.089149       0.892035       0.0188163
43   L   E    0.0659803      0.912771       0.021249
44   V   E    0.0707585      0.907786       0.021455
45   K   E    0.0872734      0.894594       0.0181323
46   K   E    0.10057        0.88181        0.0176194
47   L   E    0.112948       0.859893       0.0271594
48   K   E    0.126922       0.849178       0.0239
49   E   E    0.141711       0.832154       0.0261352
50   K   E    0.129169       0.855404       0.0154262
51   K   E    0.13377        0.85412        0.0121092
52   D   E    0.0848564      0.90342        0.0117238
53   E   E    0.072087       0.917688       0.0102245
54   L   E    0.0650743      0.918327       0.0165987
55   D   E    0.0931624      0.884008       0.0228299
56   S   E    0.0932388      0.88676        0.0200017
57   L   E    0.0627195      0.909994       0.0272862
58   I   E    0.0460131      0.930434       0.0235529
59   T   E    0.184264       0.77648        0.0392555
60   A   C    0.496741       0.402553       0.100706
END
