Secondary Structure Prediction Output (Part of REGAd3p ASA Prediction)
TARGET: O15273, Length: 60

SR#  AA  SSp  pCoil          pBeta          pHelix
1    M   C    0.57541        0.297051       0.127538
2    A   E    0.327188       0.587929       0.0848832
3    T   E    0.278363       0.624755       0.096882
4    S   E    0.12959        0.779554       0.0908557
5    E   E    0.0793231      0.862          0.0586767
6    L   E    0.0488531      0.856471       0.0946758
7    S   E    0.0328743      0.854693       0.112433
8    C   E    0.0146828      0.871308       0.114009
9    E   E    0.0201198      0.939476       0.0404039
10   V   E    0.0305969      0.899126       0.0702772
11   S   E    0.0436132      0.891666       0.064721
12   E   E    0.0261213      0.875799       0.0980792
13   E   E    0.0297854      0.878122       0.092093
14   N   E    0.0615363      0.68623        0.252234
15   C   E    0.070874       0.465333       0.463793
16   E   H    0.069247       0.35247        0.578283
17   R   E    0.122468       0.454141       0.423391
18   R   E    0.0764987      0.616831       0.306671
19   E   E    0.0366923      0.766468       0.196839
20   A   E    0.0175867      0.888059       0.0943547
21   F   E    0.00858937     0.908706       0.0827042
22   W   E    0.00770477     0.892912       0.0993836
23   A   E    0.0127005      0.846136       0.141164
24   E   E    0.00861244     0.928417       0.0629701
25   W   E    0.00867479     0.95339        0.0379348
26   K   E    0.0478299      0.907102       0.0450683
27   D   E    0.11708        0.808043       0.074877
28   L   E    0.0948551      0.856828       0.0483168
29   T   E    0.116894       0.84247        0.0406357
30   L   E    0.0810957      0.84163        0.0772741
31   S   E    0.0997275      0.852155       0.0481178
32   T   E    0.074259       0.893694       0.0320474
33   R   E    0.0713456      0.908705       0.0199491
34   P   E    0.0358835      0.952657       0.0114597
35   E   E    0.0259795      0.96706        0.00696027
36   E   E    0.0403774      0.946954       0.0126688
37   G   E    0.109499       0.873681       0.01682
38   C   E    0.0838218      0.888842       0.0273363
39   S   E    0.0925202      0.883352       0.0241273
40   L   E    0.0739697      0.890858       0.0351725
41   H   E    0.0839801      0.861537       0.0544825
42   E   E    0.0601198      0.807754       0.132126
43   E   E    0.0594708      0.756029       0.1845
44   D   E    0.0721179      0.711015       0.216867
45   T   E    0.0984518      0.549717       0.351831
46   Q   H    0.0987297      0.336447       0.564824
47   R   E    0.0967405      0.561168       0.342091
48   H   E    0.05649        0.768399       0.175111
49   E   E    0.0200055      0.923288       0.0567063
50   T   E    0.0144515      0.963137       0.0224111
51   Y   E    0.0126372      0.948834       0.0385285
52   H   E    0.0259768      0.908102       0.0659213
53   Q   E    0.0748444      0.816739       0.108416
54   Q   E    0.126095       0.796433       0.0774718
55   G   E    0.138809       0.822693       0.0384984
56   Q   E    0.110344       0.863458       0.0261976
57   C   E    0.0737017      0.905294       0.0210046
58   Q   E    0.0822201      0.904077       0.0137026
59   V   E    0.103682       0.880477       0.0158409
60   L   E    0.234707       0.72288        0.0424129
END
