Secondary Structure Prediction Output (Part of REGAd3p ASA Prediction)
TARGET: Q99801-1, Length: 60

SR#  AA  SSp  pCoil          pBeta          pHelix
1    M   C    0.616561       0.339645       0.0437937
2    L   E    0.23287        0.711607       0.055523
3    R   E    0.183901       0.762251       0.053848
4    V   E    0.0924799      0.840661       0.0668588
5    P   E    0.0686162      0.866688       0.0646962
6    E   E    0.081955       0.828391       0.0896535
7    P   E    0.0860778      0.764746       0.149176
8    R   E    0.149679       0.639454       0.210867
9    P   E    0.157297       0.494671       0.348032
10   G   H    0.155245       0.416449       0.428307
11   E   E    0.144605       0.433297       0.422098
12   A   E    0.113983       0.460158       0.425859
13   K   E    0.0989418      0.561625       0.339433
14   A   E    0.107757       0.592302       0.299941
15   E   E    0.144811       0.668758       0.186431
16   G   E    0.272689       0.618641       0.10867
17   A   E    0.332782       0.609489       0.057729
18   A   E    0.217675       0.759049       0.0232759
19   P   E    0.185527       0.803728       0.0107456
20   P   E    0.115126       0.877722       0.00715289
21   T   E    0.0922027      0.902618       0.00517962
22   P   E    0.0662557      0.925378       0.00836643
23   S   E    0.0867546      0.903716       0.00952924
24   K   E    0.0644244      0.928138       0.00743803
25   P   E    0.0343103      0.956356       0.00933365
26   L   E    0.00665951     0.986757       0.00658367
27   T   E    0.00126767     0.996549       0.00218352
28   S   E    1.04314e-06    0.999096       0.000902765
29   F   E    2.6006e-07     0.999545       0.00045519
30   L   E    7.7931e-06     0.997082       0.00291031
31   I   E    0.000736434    0.968743       0.0305203
32   Q   E    0.00238264     0.923178       0.0744391
33   D   E    0.0024051      0.947565       0.0500301
34   I   E    0.000889137    0.96569        0.0334204
35   L   E    0.00432254     0.830093       0.165584
36   R   H    0.0451314      0.428128       0.52674
37   D   H    0.0655361      0.143523       0.790941
38   G   H    0.114932       0.0912371      0.793831
39   A   H    0.169366       0.0961472      0.734487
40   Q   H    0.181809       0.141035       0.677157
41   R   H    0.308545       0.160967       0.530488
42   Q   C    0.428256       0.148692       0.423052
43   G   C    0.496569       0.163628       0.339802
44   G   C    0.375573       0.307119       0.317308
45   R   E    0.237505       0.393413       0.369082
46   T   H    0.202936       0.388905       0.408159
47   S   H    0.207923       0.307303       0.484775
48   S   H    0.159038       0.32816        0.512802
49   Q   H    0.143366       0.380785       0.475849
50   R   E    0.192875       0.428975       0.37815
51   Q   E    0.246909       0.413633       0.339458
52   R   E    0.307736       0.411681       0.280582
53   D   E    0.329735       0.492289       0.177976
54   P   E    0.345693       0.50308        0.151227
55   E   C    0.470813       0.426517       0.10267
56   P   E    0.364212       0.551374       0.0844136
57   E   E    0.341689       0.593806       0.0645045
58   P   E    0.346192       0.59876        0.0550473
59   E   C    0.526158       0.429226       0.0446163
60   P   C    0.687027       0.259104       0.053869
END
