Secondary Structure Prediction Output (Part of REGAd3p ASA Prediction)
TARGET: P00441, Length: 60

SR#  AA  SSp  pCoil          pBeta          pHelix
1    M   C    0.571989       0.368029       0.0599824
2    A   E    0.276032       0.690073       0.0338951
3    T   E    0.155129       0.797775       0.0470961
4    K   E    0.048339       0.926437       0.0252243
5    A   E    0.010655       0.980462       0.00888339
6    V   E    0.00367289     0.989703       0.00662437
7    C   E    0.00196964     0.993023       0.00500688
8    V   E    0.00358503     0.987686       0.00872927
9    L   E    0.0115919      0.962246       0.0261625
10   K   E    0.0538895      0.856515       0.0895957
11   G   E    0.105715       0.750536       0.14375
12   D   E    0.156039       0.731953       0.112008
13   G   E    0.239592       0.660275       0.100133
14   P   E    0.184476       0.675115       0.14041
15   V   E    0.0562814      0.772605       0.171113
16   Q   E    0.0317088      0.872942       0.0953487
17   G   E    0.0273869      0.923817       0.048796
18   I   E    0.0126661      0.964611       0.0227231
19   I   E    0.00432306     0.98117        0.0145066
20   N   E    0.00929707     0.975767       0.0149357
21   F   E    0.0105002      0.968385       0.0211153
22   E   E    0.024171       0.952035       0.0237943
23   Q   E    0.0300954      0.946942       0.0229623
24   K   E    0.0631124      0.907176       0.0297118
25   E   E    0.0770211      0.881156       0.0418228
26   S   E    0.10247        0.838598       0.0589318
27   N   E    0.169858       0.757554       0.0725881
28   G   E    0.200783       0.74359        0.0556277
29   P   E    0.104731       0.862964       0.0323049
30   V   E    0.0523702      0.92589        0.0217396
31   K   E    0.0287842      0.954976       0.0162396
32   V   E    0.0187051      0.940907       0.0403878
33   W   E    0.0158621      0.948747       0.0353904
34   G   E    0.0355204      0.908558       0.055922
35   S   E    0.0411928      0.891277       0.0675302
36   I   E    0.0223013      0.910065       0.0676334
37   K   E    0.0455374      0.870632       0.0838305
38   G   E    0.0682586      0.816928       0.114813
39   L   E    0.0430558      0.732678       0.224266
40   T   E    0.0444409      0.581342       0.374217
41   E   E    0.0556972      0.511749       0.432554
42   G   E    0.0689099      0.554496       0.376594
43   L   H    0.0710447      0.437091       0.491865
44   H   E    0.0271111      0.690729       0.28216
45   G   E    0.0209265      0.809931       0.169143
46   F   E    0.00754325     0.945326       0.0471312
47   H   E    0.00656382     0.971166       0.0222704
48   V   E    0.00922001     0.969549       0.0212306
49   H   E    0.007903       0.972638       0.0194588
50   E   E    0.00521732     0.985637       0.00914528
51   F   E    0.00464668     0.983688       0.0116649
52   G   E    0.0108925      0.976596       0.0125116
53   D   E    0.0235445      0.947418       0.029037
54   N   E    0.0349349      0.891327       0.0737381
55   T   E    0.0509611      0.821013       0.128026
56   A   E    0.0303402      0.853066       0.116594
57   G   E    0.0161331      0.903507       0.0803601
58   C   E    0.00772123     0.967581       0.0246974
59   T   E    0.030592       0.935856       0.0335516
60   S   E    0.348554       0.566494       0.0849514
END
