Secondary Structure Prediction Output (Part of REGAd3p ASA Prediction)
TARGET: Q15382, Length: 60

SR#  AA  SSp  pCoil          pBeta          pHelix
1    M   C    0.593929       0.324428       0.0816434
2    P   E    0.2892         0.654875       0.0559248
3    Q   E    0.342421       0.572747       0.0848312
4    S   E    0.264919       0.65001        0.0850713
5    K   E    0.367156       0.544293       0.0885516
6    S   E    0.291941       0.607107       0.100952
7    R   E    0.19599        0.739809       0.0642006
8    K   E    0.12831        0.827785       0.0439047
9    I   E    0.0326339      0.935778       0.0315885
10   A   E    0.0167763      0.965466       0.017758
11   I   E    0.0125993      0.960278       0.0271229
12   L   E    0.0134647      0.928197       0.0583378
13   G   E    0.0291134      0.876918       0.093969
14   Y   E    0.0270575      0.837054       0.135889
15   R   E    0.0301324      0.879808       0.0900594
16   S   E    0.0403364      0.885361       0.0743021
17   V   E    0.0260946      0.913075       0.0608308
18   G   E    0.0303573      0.92474        0.0449023
19   K   E    0.0638699      0.881866       0.0542644
20   S   E    0.0668193      0.896213       0.0369675
21   S   E    0.0926174      0.877024       0.0303591
22   L   E    0.0551051      0.894566       0.0503289
23   T   E    0.0490914      0.884409       0.0664995
24   I   E    0.0373188      0.820161       0.142521
25   Q   E    0.0284658      0.904665       0.0668696
26   F   E    0.0119975      0.951427       0.0365757
27   V   E    0.0113886      0.952073       0.0365381
28   E   E    0.0273995      0.888695       0.0839056
29   G   E    0.080276       0.816614       0.10311
30   Q   E    0.0420982      0.921456       0.0364462
31   F   E    0.0155555      0.968422       0.0160226
32   V   E    0.0163614      0.964901       0.0187376
33   D   E    0.0256097      0.954551       0.0198392
34   S   E    0.0334904      0.943036       0.0234739
35   Y   E    0.0234448      0.960562       0.0159936
36   D   E    0.0161137      0.976527       0.00735909
37   P   E    0.0140231      0.979753       0.00622348
38   T   E    0.00764219     0.988781       0.0035771
39   I   E    0.00510259     0.988833       0.00606459
40   E   E    0.011892       0.974019       0.0140893
41   N   E    0.0356699      0.937295       0.0270346
42   T   E    0.0301318      0.943769       0.026099
43   F   E    0.0201234      0.961577       0.0182992
44   T   E    0.0564647      0.917255       0.0262804
45   K   E    0.1163         0.840317       0.0433825
46   L   E    0.0975295      0.854348       0.0481221
47   I   E    0.0392815      0.923583       0.0371355
48   T   E    0.0620684      0.895325       0.0426064
49   V   E    0.0713505      0.847266       0.0813837
50   N   E    0.125941       0.741891       0.132168
51   G   E    0.183187       0.594797       0.222016
52   Q   E    0.104387       0.824628       0.0709858
53   E   E    0.0343834      0.942958       0.0226588
54   Y   E    0.0182558      0.968247       0.013497
55   H   E    0.0252537      0.956273       0.0184735
56   L   E    0.0307731      0.930504       0.0387228
57   Q   E    0.0308242      0.947921       0.0212546
58   L   E    0.0322012      0.9414         0.0263992
59   V   E    0.0758216      0.888027       0.0361514
60   D   E    0.223663       0.693576       0.0827609
END
