Secondary Structure Prediction Output (Part of REGAd3p ASA Prediction)
TARGET: Q16595-1, Length: 60

SR#  AA  SSp  pCoil          pBeta          pHelix
1    M   E    0.244612       0.467771       0.287617
2    W   E    0.0444394      0.867109       0.088452
3    T   E    0.0672446      0.84142        0.0913359
4    L   E    0.0822851      0.576414       0.341301
5    G   E    0.131859       0.541506       0.326634
6    R   E    0.162411       0.550495       0.287095
7    R   E    0.132851       0.69277        0.174379
8    A   E    0.0894012      0.793889       0.11671
9    V   E    0.0516675      0.858528       0.0898042
10   A   E    0.066716       0.870681       0.0626034
11   G   E    0.169655       0.788188       0.042157
12   L   E    0.170165       0.781849       0.0479866
13   L   E    0.140658       0.808037       0.0513053
14   A   E    0.204264       0.730544       0.0651926
15   S   E    0.334774       0.615361       0.0498649
16   P   E    0.244525       0.655991       0.0994844
17   S   E    0.168487       0.73553        0.0959838
18   P   E    0.112288       0.769732       0.11798
19   A   E    0.139819       0.647582       0.212599
20   Q   E    0.116968       0.688967       0.194065
21   A   E    0.116346       0.662184       0.221469
22   Q   E    0.132701       0.742408       0.124891
23   T   E    0.139607       0.761104       0.0992893
24   L   E    0.179155       0.661158       0.159687
25   T   E    0.146282       0.72443        0.129287
26   R   E    0.146659       0.710317       0.143024
27   V   E    0.156628       0.708825       0.134547
28   P   E    0.0851808      0.772278       0.142542
29   R   E    0.146917       0.683724       0.169359
30   P   E    0.175419       0.643052       0.181529
31   A   E    0.214123       0.572934       0.212943
32   E   E    0.232806       0.60847        0.158724
33   L   E    0.287633       0.518697       0.193671
34   A   E    0.362609       0.454679       0.182711
35   P   E    0.314402       0.49835        0.187248
36   L   E    0.226145       0.532934       0.240921
37   C   E    0.156844       0.66101        0.182146
38   G   E    0.27926        0.445999       0.274741
39   R   E    0.324664       0.423349       0.251987
40   R   E    0.343517       0.519613       0.13687
41   G   E    0.411873       0.443223       0.144904
42   L   E    0.244307       0.618199       0.137494
43   R   E    0.187509       0.720234       0.0922566
44   T   E    0.171138       0.727767       0.101095
45   D   E    0.164844       0.72491        0.110246
46   I   E    0.140745       0.726921       0.132334
47   D   E    0.215534       0.642294       0.142172
48   A   E    0.27982        0.528689       0.191491
49   T   E    0.299462       0.516395       0.184143
50   C   E    0.189138       0.643925       0.166937
51   T   E    0.252561       0.624025       0.123414
52   P   E    0.262952       0.58476        0.152288
53   R   E    0.23706        0.570654       0.192286
54   R   E    0.171054       0.656963       0.171984
55   A   E    0.205411       0.679081       0.115507
56   S   E    0.321292       0.568928       0.10978
57   S   E    0.283223       0.578412       0.138365
58   N   E    0.384403       0.450872       0.164725
59   Q   C    0.55283        0.297145       0.150025
60   R   C    0.678973       0.176362       0.144664
END
