Secondary Structure Prediction Output (Part of REGAd3p ASA Prediction)
TARGET: Q9BQ15-1, Length: 60

SR#  AA  SSp  pCoil          pBeta          pHelix
1    M   C    0.697277       0.25207        0.0506522
2    T   E    0.408488       0.561902       0.0296104
3    T   E    0.376902       0.58259        0.0405085
4    E   E    0.178503       0.774075       0.0474222
5    T   E    0.0625077      0.909009       0.028483
6    F   E    0.0408749      0.926194       0.0329314
7    V   E    0.0269704      0.936752       0.0362779
8    K   E    0.0466093      0.919985       0.0334053
9    D   E    0.0489537      0.921247       0.0297992
10   I   E    0.0369283      0.940654       0.0224178
11   K   E    0.0635964      0.915958       0.0204459
12   P   E    0.0641348      0.906732       0.0291336
13   G   E    0.101978       0.875061       0.0229611
14   L   E    0.100266       0.856831       0.0429034
15   K   E    0.0983209      0.868031       0.033648
16   N   E    0.137367       0.81766        0.0449724
17   L   E    0.103872       0.82952        0.0666082
18   N   E    0.0799359      0.868608       0.0514565
19   L   E    0.0535999      0.895521       0.0508787
20   I   E    0.0215331      0.953472       0.0249944
21   F   E    0.00569405     0.983038       0.0112684
22   I   E    0.0031015      0.991896       0.00500276
23   V   E    0.00325607     0.992255       0.00448884
24   L   E    0.00723746     0.980647       0.0121152
25   E   E    0.0150954      0.9711         0.0138044
26   T   E    0.0582265      0.904339       0.0374346
27   G   E    0.120055       0.827481       0.0524638
28   R   E    0.187651       0.775467       0.0368818
29   V   E    0.18928        0.774181       0.0365391
30   T   E    0.28488        0.669041       0.0460792
31   K   E    0.229056       0.72267        0.0482734
32   T   E    0.167667       0.772855       0.0594785
33   K   E    0.102637       0.854979       0.0423839
34   D   E    0.135552       0.816981       0.0474671
35   G   E    0.242658       0.710357       0.0469852
36   H   E    0.171587       0.782192       0.0462213
37   E   E    0.0901174      0.870891       0.0389914
38   V   E    0.0886216      0.863944       0.0474342
39   R   E    0.0935064      0.855864       0.0506301
40   T   E    0.108692       0.805444       0.0858644
41   C   E    0.0526375      0.842437       0.104925
42   K   E    0.0606036      0.87604        0.0633565
43   V   E    0.0513416      0.859952       0.088706
44   A   E    0.0609828      0.845664       0.0933532
45   D   E    0.0841918      0.823279       0.0925289
46   K   E    0.09087        0.830249       0.0788814
47   T   E    0.0776493      0.855237       0.0671133
48   G   E    0.0720683      0.879737       0.0481945
49   S   E    0.0587588      0.910039       0.0312018
50   I   E    0.0400312      0.937951       0.022018
51   N   E    0.0961855      0.871598       0.0322167
52   I   E    0.0405387      0.892466       0.0669952
53   S   E    0.0149302      0.953754       0.031316
54   V   E    0.00766963     0.949539       0.0427918
55   W   E    0.00875861     0.958358       0.0328835
56   D   E    0.0238648      0.90028        0.0758553
57   D   E    0.0606551      0.817877       0.121468
58   V   E    0.117648       0.683014       0.199338
59   G   E    0.302048       0.503197       0.194755
60   N   C    0.654407       0.201732       0.143861
END
