Secondary Structure Prediction Output (Part of REGAd3p ASA Prediction)
TARGET: Q06787-1, Length: 60

SR#  AA  SSp  pCoil          pBeta          pHelix
1    M   C    0.745224       0.200996       0.0537805
2    E   E    0.469631       0.499165       0.0312039
3    E   E    0.296618       0.680825       0.022557
4    L   E    0.100525       0.876161       0.0233137
5    V   E    0.0555458      0.925211       0.0192434
6    V   E    0.0324092      0.944746       0.0228451
7    E   E    0.0395857      0.930456       0.0299586
8    V   E    0.0468314      0.8864         0.066769
9    R   E    0.106545       0.780851       0.112604
10   G   E    0.182301       0.633352       0.184348
11   S   E    0.260098       0.530587       0.209315
12   N   E    0.227121       0.45013        0.32275
13   G   E    0.206024       0.482071       0.311905
14   A   E    0.149606       0.654034       0.196359
15   F   E    0.071871       0.788013       0.140116
16   Y   E    0.0785159      0.721977       0.199507
17   K   E    0.101868       0.690964       0.207168
18   A   E    0.0984202      0.765456       0.136124
19   F   E    0.0448745      0.893385       0.0617403
20   V   E    0.0514598      0.878262       0.0702777
21   K   E    0.0912098      0.815738       0.0930526
22   D   E    0.117224       0.809609       0.0731671
23   V   E    0.0655617      0.88793        0.0465087
24   H   E    0.100605       0.836091       0.0633037
25   E   E    0.100524       0.83347        0.0660058
26   D   E    0.143494       0.817857       0.0386483
27   S   E    0.0946728      0.877753       0.0275742
28   I   E    0.07624        0.891398       0.0323621
29   T   E    0.0547303      0.92092        0.0243494
30   V   E    0.0350855      0.924515       0.0403991
31   A   E    0.0326863      0.916736       0.0505778
32   F   E    0.0339943      0.90603        0.0599754
33   E   E    0.0687056      0.806873       0.124422
34   N   E    0.180321       0.600792       0.218887
35   N   E    0.182779       0.591801       0.22542
36   W   E    0.10135        0.760926       0.137724
37   Q   E    0.139339       0.798196       0.062465
38   P   E    0.269206       0.617455       0.113339
39   D   E    0.240503       0.676406       0.0830913
40   R   E    0.187351       0.753782       0.0588673
41   Q   E    0.198525       0.757346       0.0441288
42   I   E    0.0927584      0.883654       0.0235874
43   P   E    0.0754294      0.906127       0.0184437
44   F   E    0.0509534      0.921607       0.0274392
45   H   E    0.0896856      0.881292       0.0290219
46   D   E    0.137658       0.832619       0.0297226
47   V   E    0.0986659      0.875423       0.0259112
48   R   E    0.0986734      0.884861       0.0164654
49   F   E    0.0997064      0.883912       0.0163812
50   P   E    0.178441       0.804114       0.0174442
51   P   E    0.134261       0.848858       0.0168805
52   P   E    0.0797631      0.906534       0.0137028
53   V   E    0.0507471      0.935429       0.0138235
54   G   E    0.0925904      0.882734       0.0246758
55   Y   E    0.100258       0.840645       0.0590972
56   N   E    0.127011       0.794157       0.0788316
57   K   E    0.193364       0.715166       0.0914695
58   D   E    0.331029       0.608557       0.0604142
59   I   E    0.344574       0.597206       0.0582203
60   N   C    0.715506       0.217657       0.0668374
END
