Secondary Structure Prediction Output (Part of REGAd3p ASA Prediction)
TARGET: P51608-1, Length: 60

SR#  AA  SSp  pCoil          pBeta          pHelix
1    M   C    0.674059       0.243166       0.0827756
2    V   E    0.320591       0.570213       0.109197
3    A   E    0.302167       0.496758       0.201076
4    G   E    0.16396        0.618042       0.217998
5    M   E    0.114541       0.600244       0.285214
6    L   E    0.0672407      0.517832       0.414928
7    G   H    0.0960228      0.447186       0.456791
8    L   H    0.05591        0.40671        0.53738
9    R   E    0.0894638      0.495765       0.414771
10   E   E    0.0671632      0.602391       0.330445
11   E   E    0.0582112      0.764973       0.176815
12   K   E    0.0866751      0.802116       0.111209
13   S   E    0.0980671      0.721421       0.180512
14   E   E    0.046819       0.778929       0.174252
15   D   E    0.0663078      0.812947       0.120746
16   Q   E    0.0618906      0.824204       0.113905
17   D   E    0.0935089      0.79035        0.116141
18   L   E    0.12759        0.680751       0.191659
19   Q   E    0.179748       0.687724       0.132528
20   G   E    0.235371       0.672908       0.0917216
21   L   E    0.228446       0.667868       0.103686
22   K   E    0.181851       0.743926       0.0742233
23   D   E    0.177416       0.761229       0.0613552
24   K   E    0.221308       0.729473       0.0492188
25   P   E    0.19387        0.748712       0.0574173
26   L   E    0.0856662      0.84032        0.0740142
27   K   E    0.075343       0.874614       0.0500429
28   F   E    0.0543367      0.88881        0.0568534
29   K   E    0.056683       0.88922        0.0540972
30   K   E    0.0449695      0.919335       0.0356958
31   V   E    0.0547408      0.889963       0.0552965
32   K   E    0.0665796      0.862684       0.0707369
33   K   E    0.0977849      0.800121       0.102094
34   D   E    0.104369       0.798774       0.0968568
35   K   E    0.12381        0.791003       0.0851867
36   K   E    0.137859       0.739361       0.12278
37   E   E    0.114449       0.785198       0.100353
38   E   E    0.114008       0.81924        0.066752
39   K   E    0.130741       0.806681       0.0625778
40   E   E    0.170299       0.747708       0.081993
41   G   E    0.19673        0.727411       0.0758588
42   K   E    0.182712       0.76289        0.0543974
43   H   E    0.117754       0.849741       0.032505
44   E   E    0.127981       0.839492       0.0325263
45   P   E    0.15564        0.783855       0.0605054
46   V   E    0.113138       0.830871       0.0559912
47   Q   E    0.190306       0.758851       0.050843
48   P   E    0.330517       0.609417       0.0600659
49   S   E    0.361969       0.559514       0.0785173
50   A   E    0.302351       0.583519       0.11413
51   H   E    0.244256       0.65684        0.0989044
52   H   E    0.208593       0.703619       0.0877885
53   S   E    0.216684       0.705389       0.0779273
54   A   E    0.174098       0.709282       0.11662
55   E   E    0.195743       0.693128       0.11113
56   P   E    0.227395       0.588205       0.184401
57   A   E    0.181779       0.547737       0.270484
58   E   E    0.169525       0.669714       0.16076
59   A   E    0.371012       0.498782       0.130206
60   G   C    0.744133       0.169773       0.0860937
END
