Secondary Structure Prediction Output (Part of REGAd3p ASA Prediction)
TARGET: P27694, Length: 60

SR#  AA  SSp  pCoil          pBeta          pHelix
1    M   C    0.585508       0.352349       0.0621435
2    V   E    0.410411       0.53288        0.0567094
3    G   E    0.377065       0.559297       0.0636378
4    Q   E    0.207516       0.743662       0.0488221
5    L   E    0.112275       0.81766        0.070065
6    S   E    0.0523011      0.89988        0.0478188
7    E   E    0.0327402      0.897455       0.0698045
8    G   E    0.0219454      0.94491        0.0331442
9    A   E    0.0154028      0.966384       0.0182134
10   I   E    0.010067       0.973725       0.0162083
11   A   E    0.0430357      0.904113       0.0528512
12   A   E    0.0865137      0.855458       0.0580288
13   I   E    0.0406794      0.897262       0.0620582
14   M   E    0.048975       0.871384       0.0796411
15   Q   E    0.122556       0.795255       0.0821894
16   K   E    0.256488       0.661249       0.0822639
17   G   E    0.271435       0.692264       0.0363005
18   D   E    0.254591       0.727752       0.0176562
19   T   E    0.225665       0.762259       0.0120761
20   N   E    0.181057       0.804088       0.0148556
21   I   E    0.0909021      0.898339       0.0107594
22   K   E    0.0646183      0.929376       0.00600589
23   P   E    0.0307424      0.966202       0.00305578
24   I   E    0.0149756      0.982986       0.00203821
25   L   E    0.0140237      0.982952       0.00302429
26   Q   E    0.0178535      0.979703       0.00244389
27   V   E    0.0231044      0.973137       0.00375879
28   I   E    0.0235327      0.971094       0.0053728
29   N   E    0.0502725      0.937368       0.0123593
30   I   E    0.0716198      0.913385       0.0149949
31   R   E    0.094422       0.896802       0.00877599
32   P   E    0.127039       0.865006       0.0079552
33   I   E    0.0700156      0.920603       0.00938093
34   T   E    0.0708018      0.919576       0.00962265
35   T   E    0.114954       0.868061       0.0169853
36   G   E    0.131377       0.853775       0.0148472
37   N   E    0.188967       0.79029        0.0207432
38   S   E    0.168712       0.812481       0.0188075
39   P   E    0.233927       0.735279       0.0307944
40   P   E    0.107203       0.866829       0.0259682
41   R   E    0.0529102      0.938355       0.00873476
42   Y   E    0.0320204      0.96051        0.00746953
43   R   E    0.0452212      0.951182       0.00359631
44   L   E    0.0692113      0.920795       0.00999321
45   L   E    0.06501        0.919914       0.0150755
46   M   E    0.0326271      0.947269       0.0201042
47   S   E    0.0477929      0.931924       0.0202833
48   D   E    0.0414965      0.946274       0.0122298
49   G   E    0.106735       0.879574       0.0136908
50   L   E    0.271889       0.705468       0.0226429
51   N   E    0.322547       0.646876       0.0305768
52   T   E    0.311743       0.65322        0.0350375
53   L   E    0.211275       0.721507       0.0672179
54   S   E    0.070794       0.890409       0.0387975
55   S   E    0.0263561      0.952921       0.0207233
56   F   E    0.00681406     0.988415       0.00477078
57   M   E    0.00732607     0.989292       0.00338174
58   L   E    0.0149545      0.976268       0.00877726
59   A   E    0.0537661      0.925605       0.0206287
60   T   E    0.269338       0.665202       0.0654602
END
