Secondary Structure Prediction Output (Part of REGAd3p ASA Prediction)
TARGET: Q14061, Length: 60

SR#  AA  SSp  pCoil          pBeta          pHelix
1    M   E    0.384674       0.584676       0.0306503
2    P   E    0.130976       0.857592       0.0114322
3    G   E    0.163236       0.819899       0.0168653
4    L   E    0.139826       0.827901       0.0322729
5    V   E    0.100614       0.846918       0.0524684
6    D   E    0.171187       0.72946        0.0993532
7    S   E    0.213111       0.693812       0.0930776
8    N   E    0.235774       0.711029       0.0531978
9    P   E    0.273672       0.685409       0.0409185
10   A   E    0.33394        0.631506       0.0345538
11   P   E    0.331851       0.626289       0.0418597
12   P   E    0.248536       0.680525       0.070939
13   E   E    0.186366       0.738822       0.074812
14   S   E    0.220758       0.696091       0.0831518
15   Q   E    0.18621        0.676303       0.137487
16   E   E    0.203626       0.697667       0.0987072
17   K   E    0.211651       0.736178       0.0521711
18   K   E    0.248878       0.717792       0.0333295
19   P   E    0.179911       0.791573       0.0285155
20   L   E    0.0689271      0.908475       0.022598
21   K   E    0.0275884      0.960913       0.0114985
22   P   E    0.00502102     0.983356       0.0116232
23   C   E    2.92449e-05    0.994204       0.00576717
24   C   E    6.35309e-06    0.997278       0.00271518
25   A   E    3.34056e-05    0.993778       0.00618905
26   C   E    0.00225615     0.99197        0.0057743
27   P   E    0.00623221     0.981931       0.0118368
28   E   E    0.0218817      0.95503        0.0230882
29   T   E    0.0589933      0.90883        0.0321768
30   K   E    0.104374       0.838654       0.0569723
31   K   E    0.148041       0.749874       0.102085
32   A   E    0.0910616      0.758931       0.150007
33   R   E    0.0743269      0.797734       0.127939
34   D   E    0.0318231      0.863754       0.104423
35   A   E    0.0120537      0.948523       0.039423
36   C   E    0.00426122     0.98121        0.014529
37   I   E    0.00488245     0.968009       0.0271084
38   I   E    0.0157181      0.87897        0.105312
39   E   E    0.0399508      0.761387       0.198662
40   K   E    0.0413725      0.624797       0.333831
41   G   E    0.0384092      0.720524       0.241066
42   E   E    0.0318147      0.75434        0.213845
43   E   E    0.0214066      0.841354       0.13724
44   H   E    0.0196077      0.848973       0.131419
45   C   E    0.0124989      0.916173       0.0713286
46   G   E    0.0271246      0.946736       0.0261392
47   H   E    0.0522175      0.920833       0.0269499
48   L   E    0.0292263      0.937352       0.0334216
49   I   E    0.0137084      0.945868       0.0404237
50   E   E    0.0248197      0.929264       0.0459163
51   A   E    0.0433292      0.905306       0.0513646
52   H   E    0.0324482      0.927705       0.0398468
53   K   E    0.0312069      0.892099       0.0766944
54   E   E    0.0201449      0.798606       0.181249
55   C   E    0.00530985     0.91924        0.07545
56   M   E    0.00624933     0.866161       0.127589
57   R   E    0.03188        0.763577       0.204542
58   A   E    0.119551       0.681484       0.198964
59   L   E    0.190293       0.623109       0.186599
60   G   C    0.462911       0.384174       0.152915
END
