Secondary Structure Prediction Output (Part of REGAd3p ASA Prediction)
TARGET: P50542-1, Length: 60

SR#  AA  SSp  pCoil          pBeta          pHelix
1    M   E    0.275562       0.625088       0.0993503
2    A   E    0.0974961      0.860034       0.0424704
3    M   E    0.0719502      0.859785       0.0682653
4    R   E    0.0627194      0.89181        0.0454703
5    E   E    0.0784237      0.880029       0.0415468
6    L   E    0.0268987      0.94644        0.0266617
7    V   E    0.00822603     0.97312        0.0186536
8    E   E    0.00787176     0.948865       0.0432628
9    A   E    0.00629083     0.931996       0.0617127
10   E   E    0.00267757     0.960673       0.0366495
11   C   E    0.00145809     0.973866       0.0246754
12   G   E    0.00880543     0.962917       0.0282772
13   G   E    0.0586487      0.888132       0.0532195
14   A   E    0.135288       0.811475       0.0532371
15   N   E    0.16038        0.800618       0.0390019
16   P   E    0.140232       0.819878       0.0398899
17   L   E    0.0892217      0.862473       0.0483052
18   M   E    0.0425719      0.906107       0.051321
19   K   E    0.0764085      0.826425       0.0971664
20   L   E    0.0416457      0.81808        0.140275
21   A   E    0.0435726      0.790349       0.166079
22   G   E    0.0382352      0.792203       0.169562
23   H   E    0.0192229      0.912211       0.0685657
24   F   E    0.01066        0.908661       0.080679
25   T   E    0.0289193      0.778597       0.192484
26   Q   E    0.0349108      0.710011       0.255078
27   D   E    0.0432257      0.705796       0.250979
28   K   E    0.0513101      0.763624       0.185066
29   A   E    0.0531992      0.833697       0.113104
30   L   E    0.0749833      0.749809       0.175207
31   R   E    0.0656389      0.815671       0.11869
32   Q   E    0.0481301      0.897932       0.0539376
33   E   E    0.0910219      0.871524       0.0374539
34   G   E    0.106102       0.868438       0.0254602
35   L   E    0.174524       0.788827       0.0366486
36   R   E    0.346525       0.616365       0.0371101
37   P   E    0.478641       0.488411       0.0329474
38   G   E    0.42488        0.549734       0.0253855
39   P   E    0.3106         0.664782       0.024618
40   W   E    0.230996       0.748982       0.0200226
41   P   E    0.435734       0.541019       0.0232475
42   P   E    0.424331       0.547912       0.027757
43   G   E    0.426407       0.54616        0.0274337
44   A   E    0.395252       0.581434       0.023314
45   P   E    0.459531       0.511357       0.0291119
46   A   E    0.418477       0.546208       0.0353147
47   S   C    0.476765       0.472082       0.0511523
48   E   E    0.43025        0.499043       0.0707068
49   A   E    0.428084       0.526021       0.0458951
50   A   E    0.417425       0.554363       0.0282115
51   S   E    0.299378       0.677947       0.0226753
52   K   E    0.269725       0.71112        0.0191557
53   P   E    0.210337       0.768428       0.0212345
54   L   E    0.175886       0.794188       0.029926
55   G   E    0.158843       0.820486       0.0206709
56   V   E    0.108777       0.851341       0.0398822
57   A   E    0.0868772      0.894195       0.0189277
58   S   E    0.153729       0.829928       0.0163426
59   E   E    0.336525       0.636804       0.0266709
60   D   C    0.582225       0.382809       0.0349661
END
