Secondary Structure Prediction Output (Part of REGAd3p ASA Prediction)
TARGET: P53041, Length: 60

SR#  AA  SSp  pCoil          pBeta          pHelix
1    M   C    0.448731       0.362787       0.188482
2    A   E    0.146646       0.741745       0.111608
3    M   E    0.0499401      0.882756       0.0673041
4    A   E    0.0426993      0.890622       0.0666783
5    E   E    0.0891878      0.820502       0.09031
6    G   E    0.185804       0.69204        0.122155
7    E   E    0.15915        0.690933       0.149917
8    R   E    0.146174       0.761192       0.0926332
9    T   E    0.163342       0.735861       0.100796
10   E   E    0.150864       0.74234        0.106796
11   C   E    0.143172       0.75532        0.101507
12   A   E    0.231595       0.673968       0.0944366
13   E   E    0.337421       0.600313       0.0622664
14   P   E    0.354561       0.582011       0.0634277
15   P   E    0.322704       0.610652       0.0666441
16   R   E    0.23813        0.712072       0.0497979
17   D   E    0.364498       0.583982       0.0515205
18   E   C    0.482277       0.456396       0.0613269
19   P   C    0.515998       0.43905        0.0449516
20   P   E    0.462552       0.467983       0.069465
21   A   E    0.2691         0.677315       0.0535846
22   D   E    0.219208       0.72434        0.0564522
23   G   E    0.264454       0.654257       0.081289
24   A   E    0.295453       0.621564       0.0829832
25   L   E    0.260941       0.607775       0.131284
26   K   E    0.159146       0.745891       0.0949626
27   R   E    0.107172       0.83565        0.0571782
28   A   E    0.0921427      0.881906       0.0259512
29   E   E    0.123668       0.851791       0.0245406
30   E   E    0.240045       0.718219       0.0417363
31   L   E    0.311688       0.609244       0.0790681
32   K   E    0.267407       0.692283       0.0403103
33   T   E    0.176262       0.776243       0.0474957
34   Q   E    0.127064       0.836085       0.0368514
35   A   E    0.172435       0.779312       0.0482534
36   N   E    0.256508       0.695128       0.048364
37   D   E    0.210585       0.707155       0.0822601
38   Y   E    0.123736       0.803057       0.0732064
39   F   E    0.0904102      0.846778       0.0628121
40   K   E    0.210468       0.697846       0.0916859
41   A   E    0.258519       0.636445       0.105037
42   K   E    0.18143        0.739752       0.0788178
43   D   E    0.194234       0.766104       0.0396628
44   Y   E    0.106524       0.854474       0.0390026
45   E   E    0.105486       0.860868       0.0336468
46   N   E    0.0858402      0.880709       0.0334504
47   A   E    0.0313238      0.955002       0.0136738
48   I   E    0.0107212      0.983274       0.00600476
49   K   E    0.0152939      0.975825       0.0088811
50   F   E    0.0131366      0.976711       0.0101523
51   Y   E    0.0168204      0.969234       0.0139455
52   S   E    0.0254281      0.957989       0.0165827
53   Q   E    0.0148587      0.975371       0.00977038
54   A   E    0.00900662     0.985965       0.00502841
55   I   E    0.00508001     0.991465       0.00345522
56   E   E    0.0159219      0.976585       0.00749315
57   L   E    0.0754183      0.894426       0.0301558
58   N   E    0.193712       0.771148       0.0351401
59   P   E    0.44934        0.504475       0.0461855
60   S   C    0.683424       0.284315       0.0322611
END
