Secondary Structure Prediction Output (Part of REGAd3p ASA Prediction)
TARGET: P47813, Length: 60

SR#  AA  SSp  pCoil          pBeta          pHelix
1    M   C    0.638649       0.262546       0.0988051
2    P   E    0.332618       0.543827       0.123555
3    K   E    0.264287       0.50518        0.230532
4    N   E    0.148845       0.46553        0.385624
5    K   H    0.0983302      0.324187       0.577483
6    G   H    0.0708358      0.359577       0.569587
7    K   H    0.0700147      0.287119       0.642866
8    G   H    0.0620909      0.289639       0.64827
9    G   H    0.107827       0.175367       0.716806
10   K   H    0.165619       0.142575       0.691805
11   N   H    0.232094       0.11095        0.656956
12   R   H    0.205729       0.0851451      0.709125
13   R   H    0.17532        0.106919       0.71776
14   R   H    0.171967       0.171864       0.656169
15   G   H    0.202262       0.271969       0.525769
16   K   E    0.179477       0.485113       0.33541
17   N   E    0.158891       0.504758       0.33635
18   E   E    0.114859       0.539194       0.345947
19   N   E    0.114107       0.523931       0.361961
20   E   E    0.0844888      0.506457       0.409054
21   S   E    0.111615       0.585515       0.30287
22   E   E    0.128229       0.563845       0.307926
23   K   E    0.154177       0.687525       0.158298
24   R   E    0.147122       0.745791       0.107086
25   E   E    0.0769048      0.875626       0.0474688
26   L   E    0.038368       0.911868       0.049764
27   V   E    0.0229421      0.927728       0.0493301
28   F   E    0.0145591      0.910944       0.0744966
29   K   E    0.0243646      0.881617       0.0940179
30   E   E    0.0388674      0.812407       0.148725
31   D   E    0.0524704      0.782496       0.165034
32   G   E    0.10481        0.719674       0.175516
33   Q   E    0.0933188      0.769838       0.136843
34   E   E    0.0500284      0.888399       0.0615728
35   Y   E    0.0358485      0.921619       0.0425326
36   A   E    0.0386139      0.915265       0.0461214
37   Q   E    0.052586       0.913621       0.0337931
38   V   E    0.0511523      0.917419       0.0314286
39   I   E    0.0469637      0.893513       0.0595228
40   K   E    0.0680849      0.856287       0.0756284
41   M   E    0.0563555      0.860348       0.0832967
42   L   E    0.0398044      0.766283       0.193912
43   G   E    0.0875095      0.610338       0.302153
44   N   H    0.174181       0.306969       0.51885
45   G   E    0.227442       0.399724       0.372834
46   R   E    0.277828       0.481248       0.240924
47   L   E    0.1538         0.491805       0.354395
48   E   E    0.109263       0.618718       0.272019
49   A   E    0.0830146      0.649318       0.267667
50   M   E    0.0363844      0.696828       0.266788
51   C   E    0.0119531      0.802049       0.185998
52   F   E    0.0131134      0.788994       0.197892
53   D   E    0.0309641      0.747512       0.221524
54   G   E    0.0745053      0.684652       0.240843
55   V   E    0.0939667      0.647694       0.258339
56   K   E    0.109653       0.635125       0.255222
57   R   E    0.192299       0.591688       0.216013
58   L   E    0.129935       0.591622       0.278444
59   C   E    0.166229       0.619373       0.214399
60   H   C    0.429622       0.361951       0.208427
END
