Secondary Structure Prediction Output (Part of REGAd3p ASA Prediction)
TARGET: Q13573-1, Length: 60

SR#  AA  SSp  pCoil          pBeta          pHelix
1    M   E    0.232463       0.743579       0.0239572
2    A   E    0.106663       0.886034       0.00730291
3    L   E    0.079991       0.909337       0.0106718
4    T   E    0.0589181      0.932468       0.0086143
5    S   E    0.0601509      0.929585       0.0102636
6    F   E    0.0252661      0.969657       0.00507652
7    L   E    0.00737862     0.989863       0.00275792
8    P   E    0.00587784     0.991549       0.00257314
9    A   E    0.00894375     0.987899       0.00315734
10   P   E    0.0130267      0.981176       0.00579738
11   T   E    0.0222056      0.966881       0.0109138
12   Q   E    0.0436562      0.934771       0.021573
13   L   E    0.105044       0.82936        0.0655966
14   S   E    0.10637        0.784547       0.109084
15   Q   E    0.0837987      0.769398       0.146803
16   D   E    0.121732       0.725473       0.152795
17   Q   E    0.100092       0.797439       0.102468
18   L   E    0.0858487      0.759889       0.154262
19   E   E    0.0917725      0.740091       0.168136
20   A   E    0.0747565      0.772559       0.152684
21   E   E    0.139023       0.609986       0.250991
22   E   E    0.202412       0.549871       0.247717
23   K   E    0.216656       0.556926       0.226417
24   A   E    0.204681       0.552704       0.242615
25   R   E    0.205557       0.611708       0.182735
26   S   E    0.184552       0.666239       0.149209
27   Q   E    0.177786       0.684572       0.137641
28   R   E    0.224492       0.67053        0.104979
29   S   E    0.268992       0.627572       0.103436
30   R   E    0.162238       0.746822       0.09094
31   Q   E    0.117095       0.845589       0.0373158
32   T   E    0.133126       0.840453       0.0264213
33   S   E    0.0981256      0.883629       0.0182451
34   L   E    0.100237       0.880207       0.019556
35   V   E    0.115109       0.860523       0.024368
36   S   E    0.125255       0.850478       0.0242666
37   S   E    0.234998       0.721059       0.0439435
38   R   E    0.201259       0.763442       0.0352991
39   R   E    0.206751       0.768615       0.0246342
40   E   E    0.254626       0.724254       0.0211201
41   P   E    0.117849       0.867162       0.0149892
42   P   E    0.0340699      0.959524       0.00640605
43   P   E    0.0261018      0.967358       0.00653971
44   Y   E    0.0182107      0.974093       0.00769625
45   G   E    0.0460853      0.937821       0.0160936
46   Y   E    0.0657328      0.898439       0.0358278
47   R   E    0.0920823      0.876497       0.0314207
48   K   E    0.171646       0.776796       0.0515585
49   G   E    0.104715       0.851987       0.0432976
50   W   E    0.0294545      0.955793       0.014753
51   I   E    0.044417       0.93848        0.0171031
52   P   E    0.0703746      0.888536       0.0410894
53   R   E    0.0965141      0.86008        0.0434059
54   L   E    0.154003       0.738128       0.107869
55   L   E    0.127002       0.667657       0.205342
56   E   E    0.084539       0.681057       0.234404
57   D   E    0.0569444      0.743658       0.199397
58   F   E    0.0322903      0.865026       0.102684
59   G   E    0.149436       0.73194        0.118623
60   D   C    0.508157       0.314804       0.177039
END
