Secondary Structure Prediction Output (Part of REGAd3p ASA Prediction)
TARGET: O60356-1, Length: 60

SR#  AA  SSp  pCoil          pBeta          pHelix
1    M   E    0.431416       0.526957       0.0416273
2    A   E    0.164636       0.810641       0.0247235
3    T   E    0.105922       0.875378       0.0186996
4    F   E    0.0495389      0.934149       0.0163122
5    P   E    0.071292       0.902422       0.0262862
6    P   E    0.113985       0.8243         0.0617144
7    A   E    0.13553        0.773584       0.0908866
8    T   E    0.140226       0.788818       0.0709564
9    S   E    0.257286       0.680402       0.0623114
10   A   E    0.3672         0.573966       0.058834
11   P   E    0.38556        0.574933       0.0395066
12   Q   E    0.3496         0.609306       0.0410944
13   Q   E    0.397227       0.582973       0.0197996
14   P   E    0.308247       0.672065       0.0196882
15   P   E    0.174105       0.796619       0.0292764
16   G   E    0.14878        0.810903       0.0403174
17   P   E    0.116934       0.798415       0.0846512
18   E   E    0.0673725      0.829919       0.102708
19   D   E    0.0709498      0.741814       0.187236
20   E   E    0.0714884      0.800371       0.128141
21   D   E    0.104673       0.817492       0.0778357
22   S   E    0.173565       0.751076       0.0753584
23   S   E    0.206415       0.680351       0.113234
24   L   E    0.0956973      0.722296       0.182007
25   D   E    0.0684993      0.767421       0.16408
26   E   E    0.0311052      0.860043       0.108852
27   S   E    0.0277675      0.875687       0.0965454
28   D   E    0.0304333      0.888209       0.0813573
29   L   E    0.0475244      0.857045       0.0954304
30   Y   E    0.0730023      0.81546        0.111538
31   S   E    0.168542       0.646008       0.18545
32   L   E    0.139807       0.435561       0.424632
33   A   E    0.140148       0.497532       0.36232
34   H   E    0.158542       0.487359       0.3541
35   S   E    0.149706       0.574543       0.275751
36   Y   E    0.106486       0.650602       0.242912
37   L   E    0.0968383      0.59952        0.303642
38   G   H    0.154766       0.383157       0.462076
39   G   H    0.141687       0.287797       0.570516
40   G   H    0.147254       0.355643       0.497103
41   G   H    0.186076       0.330221       0.483703
42   R   H    0.221147       0.35153        0.427323
43   K   E    0.308148       0.36208        0.329772
44   G   E    0.34341        0.425294       0.231296
45   R   E    0.301945       0.508789       0.189266
46   T   E    0.226749       0.583643       0.189608
47   K   E    0.169144       0.527752       0.303104
48   R   E    0.101898       0.645256       0.252846
49   E   E    0.0883583      0.754961       0.156681
50   A   E    0.0931028      0.783514       0.123384
51   A   E    0.134998       0.654419       0.210583
52   A   E    0.1461         0.583214       0.270686
53   N   E    0.205271       0.524517       0.270212
54   T   E    0.236708       0.511425       0.251867
55   N   E    0.38313        0.453464       0.163406
56   R   E    0.337758       0.541674       0.120569
57   P   E    0.331489       0.563818       0.104694
58   S   E    0.41125        0.515853       0.0728969
59   P   E    0.465385       0.469557       0.0650577
60   G   C    0.625944       0.288427       0.0856296
END
