Secondary Structure Prediction Output (Part of REGAd3p ASA Prediction)
TARGET: P63027, Length: 60

SR#  AA  SSp  pCoil          pBeta          pHelix
1    M   C    0.524242       0.300173       0.175586
2    S   E    0.236435       0.613608       0.149957
3    A   E    0.152792       0.638333       0.208874
4    T   E    0.0847975      0.718718       0.196484
5    A   E    0.110588       0.613593       0.275819
6    A   E    0.14462        0.513376       0.342004
7    T   E    0.161293       0.448082       0.390625
8    A   E    0.158073       0.453002       0.388925
9    P   E    0.185212       0.433448       0.381339
10   P   H    0.128347       0.427507       0.444146
11   A   H    0.104083       0.303847       0.592069
12   A   H    0.115339       0.358353       0.526309
13   P   H    0.126898       0.381417       0.491685
14   A   H    0.137384       0.398962       0.463654
15   G   E    0.176594       0.424913       0.398493
16   E   E    0.160296       0.463968       0.375736
17   G   E    0.245456       0.547613       0.206931
18   G   E    0.343681       0.499709       0.15661
19   P   E    0.317828       0.583054       0.099118
20   P   E    0.273954       0.629545       0.096501
21   A   E    0.333856       0.569135       0.0970097
22   P   E    0.289974       0.640159       0.0698677
23   P   E    0.326421       0.614801       0.0587778
24   P   E    0.285671       0.64558        0.0687493
25   N   E    0.269891       0.664814       0.0652952
26   L   E    0.23506        0.65775        0.10719
27   T   E    0.292836       0.515803       0.19136
28   S   E    0.249888       0.501441       0.248671
29   N   E    0.319848       0.461959       0.218193
30   R   E    0.305559       0.513484       0.180958
31   R   E    0.386706       0.462187       0.151106
32   L   E    0.251519       0.570472       0.178009
33   Q   E    0.251859       0.647014       0.101127
34   Q   E    0.248887       0.656981       0.0941317
35   T   E    0.232072       0.703316       0.0646119
36   Q   E    0.135034       0.823036       0.0419299
37   A   E    0.129281       0.834257       0.0364628
38   Q   E    0.0737702      0.908725       0.0175052
39   V   E    0.0605254      0.918881       0.0205932
40   D   E    0.0359624      0.950614       0.0134234
41   E   E    0.0194561      0.972911       0.00763335
42   V   E    0.0122622      0.98093        0.00680763
43   V   E    0.0105258      0.981207       0.00826747
44   D   E    0.0176522      0.97151        0.010838
45   I   E    0.0245582      0.953573       0.0218689
46   M   E    0.0289375      0.942185       0.028878
47   R   E    0.0596287      0.892375       0.0479963
48   V   E    0.0708158      0.876347       0.0528375
49   N   E    0.10959        0.830879       0.059531
50   V   E    0.073399       0.853511       0.0730899
51   D   E    0.0660561      0.873419       0.0605245
52   K   E    0.0598065      0.890408       0.0497854
53   V   E    0.0392013      0.916272       0.0445265
54   L   E    0.0172917      0.908059       0.0746489
55   E   E    0.0482824      0.807279       0.144439
56   R   E    0.121466       0.644132       0.234401
57   D   E    0.219522       0.589044       0.191434
58   Q   E    0.264919       0.636302       0.0987795
59   K   C    0.596967       0.348048       0.0549846
60   L   C    0.610617       0.255931       0.133452
END
