Secondary Structure Prediction Output (Part of REGAd3p ASA Prediction)
TARGET: P04150-1, Length: 60

SR#  AA  SSp  pCoil          pBeta          pHelix
1    M   E    0.342071       0.590535       0.0673944
2    D   E    0.149654       0.824621       0.0257257
3    S   E    0.135048       0.844384       0.0205684
4    K   E    0.152079       0.823099       0.0248222
5    E   E    0.129211       0.852154       0.0186349
6    S   E    0.173119       0.798542       0.0283388
7    L   E    0.183042       0.767811       0.0491467
8    T   E    0.192635       0.766805       0.0405601
9    P   E    0.212963       0.725333       0.0617042
10   G   E    0.312804       0.604995       0.0822005
11   R   E    0.327451       0.597899       0.0746494
12   E   E    0.30421        0.647346       0.0484432
13   E   E    0.336701       0.619215       0.0440842
14   N   E    0.463314       0.504982       0.0317034
15   P   E    0.460584       0.479648       0.059767
16   S   E    0.349002       0.592106       0.0588917
17   S   E    0.258811       0.646114       0.0950752
18   V   E    0.239181       0.593002       0.167817
19   L   E    0.157326       0.499712       0.342961
20   A   E    0.150895       0.450107       0.398998
21   Q   E    0.151505       0.523273       0.325223
22   E   E    0.207772       0.593465       0.198763
23   R   E    0.290857       0.599166       0.109976
24   G   E    0.422537       0.466868       0.110594
25   D   E    0.369776       0.50808        0.122144
26   V   E    0.197388       0.63844        0.164172
27   M   E    0.140166       0.63791        0.221925
28   D   E    0.144204       0.618752       0.237045
29   F   E    0.0916033      0.721079       0.187318
30   Y   E    0.134977       0.640557       0.224466
31   K   E    0.20148        0.635299       0.163221
32   T   E    0.246196       0.62261        0.131194
33   L   E    0.168274       0.522786       0.30894
34   R   E    0.156485       0.669113       0.174403
35   G   E    0.156666       0.750088       0.0932461
36   G   E    0.203742       0.755788       0.0404694
37   A   E    0.134062       0.84543        0.0205082
38   T   E    0.137594       0.846149       0.0162573
39   V   E    0.131697       0.846637       0.0216663
40   K   E    0.107495       0.881688       0.0108174
41   V   E    0.0917916      0.893405       0.0148038
42   S   E    0.069276       0.920318       0.0104059
43   A   E    0.101798       0.882155       0.0160478
44   S   E    0.0963623      0.891504       0.0121337
45   S   E    0.0784319      0.913987       0.00758137
46   P   E    0.0964652      0.896056       0.00747894
47   S   E    0.106959       0.882895       0.0101462
48   L   E    0.110853       0.869465       0.0196822
49   A   E    0.0902522      0.885554       0.024194
50   V   E    0.0979034      0.866787       0.0353097
51   A   E    0.121197       0.83279        0.046013
52   S   E    0.122467       0.82395        0.0535827
53   Q   E    0.116199       0.81976        0.0640409
54   S   E    0.10365        0.829382       0.0669681
55   D   E    0.154911       0.781603       0.0634861
56   S   E    0.181107       0.733402       0.085491
57   K   E    0.281338       0.556722       0.16194
58   Q   E    0.309981       0.521326       0.168693
59   R   E    0.319741       0.573894       0.106365
60   R   C    0.522591       0.396291       0.0811178
END
