Secondary Structure Prediction Output (Part of REGAd3p ASA Prediction)
TARGET: P21815, Length: 60

SR#  AA  SSp  pCoil          pBeta          pHelix
1    M   C    0.787385       0.0800171      0.132598
2    K   C    0.515093       0.279705       0.205203
3    T   E    0.267481       0.395426       0.337093
4    A   E    0.0972607      0.506246       0.396493
5    L   E    0.0405472      0.69495        0.264503
6    I   E    0.0226209      0.748547       0.228832
7    L   E    0.0235483      0.775708       0.200743
8    L   E    0.0312362      0.816553       0.152211
9    S   E    0.0672097      0.806507       0.126283
10   I   E    0.0891535      0.713888       0.196959
11   L   E    0.187773       0.544541       0.267686
12   G   E    0.286685       0.493271       0.220044
13   M   E    0.267514       0.427199       0.305287
14   A   E    0.245495       0.451009       0.303496
15   C   E    0.248108       0.530388       0.221504
16   A   E    0.253596       0.443211       0.303193
17   F   E    0.282398       0.408581       0.309021
18   S   H    0.334888       0.28157        0.383542
19   M   H    0.282038       0.210148       0.507814
20   K   H    0.345452       0.221294       0.433254
21   N   H    0.345711       0.260281       0.394008
22   L   H    0.259388       0.277275       0.463337
23   H   E    0.343165       0.381981       0.274854
24   R   E    0.347877       0.432119       0.220005
25   R   E    0.381741       0.438513       0.179745
26   V   E    0.375415       0.492627       0.131958
27   K   E    0.421067       0.467657       0.111276
28   I   C    0.522891       0.290293       0.186817
29   E   C    0.70586        0.199637       0.0945023
30   D   C    0.770681       0.108357       0.120962
31   S   C    0.606965       0.0911185      0.301916
32   E   H    0.441491       0.109707       0.448801
33   E   C    0.431364       0.145829       0.422806
34   N   C    0.640723       0.138724       0.220553
35   G   C    0.485766       0.309909       0.204324
36   V   E    0.283588       0.604963       0.111449
37   F   E    0.174561       0.729456       0.0959829
38   K   E    0.357745       0.546154       0.0961003
39   Y   C    0.44924        0.418798       0.131962
40   R   C    0.680087       0.224883       0.0950292
41   P   C    0.604931       0.281645       0.113423
42   R   E    0.410832       0.450568       0.138599
43   Y   E    0.242799       0.655037       0.102164
44   Y   E    0.115076       0.818724       0.0661996
45   L   E    0.0828613      0.87683        0.040309
46   Y   E    0.102713       0.866797       0.03049
47   K   E    0.129669       0.833416       0.0369151
48   H   E    0.202255       0.761582       0.0361627
49   A   E    0.303177       0.655261       0.0415616
50   Y   E    0.18638        0.794863       0.0187565
51   F   E    0.268246       0.71632        0.0154336
52   Y   C    0.545257       0.44432        0.0104235
53   P   C    0.744997       0.22986        0.0251428
54   H   C    0.658941       0.239185       0.101874
55   L   C    0.551138       0.247284       0.201578
56   K   C    0.455635       0.380808       0.163556
57   R   E    0.397435       0.505441       0.0971234
58   F   E    0.469434       0.489494       0.0410718
59   P   C    0.735096       0.232571       0.0323329
60   V   C    0.830428       0.121873       0.0476998
END
