Secondary Structure Prediction Output (Part of REGAd3p ASA Prediction)
TARGET: P01100-1, Length: 60

SR#  AA  SSp  pCoil          pBeta          pHelix
1    M   E    0.279059       0.61922        0.101721
2    M   E    0.05633        0.894052       0.0496183
3    F   E    0.0462808      0.916592       0.0371269
4    S   E    0.0567794      0.915687       0.0275334
5    G   E    0.0756431      0.893601       0.0307555
6    F   E    0.0195775      0.958058       0.022364
7    N   E    0.0188543      0.960573       0.0205728
8    A   E    0.0199966      0.949826       0.0301769
9    D   E    0.0203029      0.957625       0.022072
10   Y   E    0.00997743     0.955691       0.0343311
11   E   E    0.0129294      0.967816       0.0192549
12   A   E    0.0315972      0.944103       0.0243002
13   S   E    0.0667375      0.893887       0.0393751
14   S   E    0.0422121      0.917034       0.0407536
15   S   E    0.0615893      0.885587       0.0528233
16   R   E    0.0446297      0.904129       0.0512409
17   C   E    0.0410474      0.9268         0.0321521
18   S   E    0.0613665      0.908726       0.0299077
19   S   E    0.0342797      0.950231       0.0154896
20   A   E    0.0155804      0.97957        0.00484978
21   S   E    0.0149531      0.981629       0.00341822
22   P   E    0.0130727      0.983032       0.00389534
23   A   E    0.0180636      0.977023       0.00491315
24   G   E    0.0406172      0.951825       0.0075576
25   D   E    0.0849224      0.90722        0.00785805
26   S   E    0.109357       0.882056       0.00858686
27   L   E    0.134701       0.843795       0.0215041
28   S   E    0.119282       0.853777       0.0269411
29   Y   E    0.0728678      0.907877       0.0192553
30   Y   E    0.0674733      0.920123       0.0124037
31   H   E    0.0658576      0.927144       0.00699881
32   S   E    0.063881       0.930946       0.00517336
33   P   E    0.059057       0.932664       0.00827928
34   A   E    0.028035       0.967349       0.00461569
35   D   E    0.0170577      0.979872       0.00307013
36   S   E    0.0104811      0.986185       0.00333437
37   F   E    0.00800891     0.987762       0.00422898
38   S   E    0.0098347      0.98643        0.00373501
39   S   E    0.0236232      0.970592       0.00578441
40   M   E    0.0416122      0.948094       0.0102942
41   G   E    0.0972048      0.88628        0.0165148
42   S   E    0.0960498      0.892072       0.0118782
43   P   E    0.108253       0.877823       0.0139242
44   V   E    0.122674       0.844066       0.0332599
45   N   E    0.164374       0.783628       0.0519978
46   A   E    0.160517       0.782166       0.0573168
47   Q   E    0.0993923      0.880618       0.0199894
48   D   E    0.0618324      0.919764       0.0184033
49   F   E    0.0307102      0.955309       0.0139812
50   C   E    0.0344899      0.94919        0.0163206
51   T   E    0.0617924      0.916634       0.0215736
52   D   E    0.050957       0.927896       0.0211467
53   L   E    0.0315855      0.938884       0.0295306
54   A   E    0.0275111      0.930856       0.0416332
55   V   E    0.0252402      0.936174       0.0385861
56   S   E    0.0340371      0.90328        0.0626828
57   S   E    0.0223906      0.89915        0.0784595
58   A   E    0.0352527      0.904619       0.0601281
59   N   E    0.0606104      0.878664       0.0607258
60   F   E    0.0851009      0.846087       0.0688125
END
