Secondary Structure Prediction Output (Part of REGAd3p ASA Prediction)
TARGET: Q14449-1, Length: 60

SR#  AA  SSp  pCoil          pBeta          pHelix
1    M   C    0.544756       0.409959       0.0452841
2    T   E    0.303737       0.653854       0.0424091
3    T   E    0.259245       0.655304       0.0854505
4    S   E    0.133895       0.769222       0.0968831
5    L   E    0.0744649      0.676211       0.249324
6    Q   E    0.0679294      0.679415       0.252656
7    D   H    0.140945       0.401529       0.457527
8    G   H    0.139923       0.276263       0.583814
9    Q   H    0.12322        0.33967        0.53711
10   S   H    0.112844       0.344837       0.542319
11   A   H    0.093908       0.275085       0.631007
12   A   H    0.0677639      0.35881        0.573426
13   S   H    0.110586       0.299352       0.590062
14   R   H    0.138622       0.218275       0.643104
15   A   H    0.186616       0.229314       0.584069
16   A   H    0.250314       0.325488       0.424198
17   A   E    0.280177       0.435788       0.284036
18   R   E    0.334268       0.420818       0.244914
19   D   E    0.372386       0.408515       0.219099
20   S   E    0.390857       0.438523       0.170619
21   P   E    0.381661       0.39779        0.220549
22   L   E    0.235943       0.441017       0.32304
23   A   E    0.187942       0.416329       0.39573
24   A   H    0.182849       0.314053       0.503098
25   Q   E    0.152062       0.427097       0.420841
26   V   H    0.114236       0.401874       0.48389
27   C   H    0.150597       0.384155       0.465247
28   G   H    0.274149       0.278428       0.447423
29   A   H    0.276548       0.262506       0.460946
30   A   H    0.213817       0.251661       0.534522
31   Q   H    0.177123       0.297727       0.52515
32   G   H    0.220593       0.283569       0.495838
33   R   H    0.302151       0.281288       0.416561
34   G   H    0.324829       0.280534       0.394637
35   D   C    0.368724       0.336468       0.294808
36   A   E    0.27309        0.4033         0.32361
37   H   E    0.24849        0.428467       0.323043
38   D   E    0.270589       0.387904       0.341507
39   L   E    0.245248       0.417588       0.337164
40   A   E    0.278471       0.518037       0.203492
41   P   E    0.285771       0.568068       0.146161
42   A   E    0.238047       0.644607       0.117347
43   P   E    0.11479        0.791602       0.093608
44   W   E    0.0652411      0.84407        0.090689
45   L   E    0.0807983      0.810954       0.108248
46   H   E    0.10621        0.785402       0.108388
47   A   E    0.123248       0.757137       0.119615
48   R   E    0.233759       0.697384       0.0688571
49   A   E    0.325083       0.641439       0.0334776
50   L   E    0.371275       0.609162       0.0195631
51   L   E    0.465866       0.508329       0.0258042
52   P   E    0.397382       0.567512       0.0351058
53   L   E    0.380862       0.574519       0.0446191
54   P   E    0.32977        0.631973       0.0382569
55   D   E    0.317507       0.630627       0.0518663
56   G   E    0.354411       0.60843        0.0371585
57   T   E    0.411132       0.546377       0.0424909
58   R   E    0.475731       0.481389       0.0428798
59   G   C    0.683824       0.272002       0.0441749
60   C   C    0.724218       0.198983       0.0767997
END
