Secondary Structure Prediction Output (Part of REGAd3p ASA Prediction)
TARGET: Q9Y6Q9-1, Length: 60

SR#  AA  SSp  pCoil          pBeta          pHelix
1    M   C    0.621883       0.343263       0.0348539
2    S   E    0.308985       0.668145       0.0228697
3    G   E    0.245881       0.732663       0.021456
4    L   E    0.106706       0.875277       0.0180176
5    G   E    0.10797        0.880554       0.0114759
6    E   E    0.149071       0.834221       0.0167088
7    N   E    0.161063       0.825179       0.013758
8    L   E    0.159402       0.817679       0.0229191
9    D   E    0.1893         0.798398       0.0123016
10   P   E    0.192424       0.792623       0.0149529
11   L   E    0.101317       0.885743       0.0129394
12   A   E    0.102973       0.88014        0.0168873
13   S   E    0.15601        0.81817        0.0258197
14   D   E    0.199208       0.762498       0.0382942
15   S   E    0.201266       0.780993       0.0177416
16   R   E    0.262615       0.723708       0.0136771
17   K   E    0.344466       0.643305       0.0122293
18   R   E    0.340261       0.650902       0.00883739
19   K   E    0.239364       0.753628       0.00700868
20   L   E    0.220403       0.768253       0.0113439
21   P   E    0.101776       0.880039       0.0181842
22   C   E    0.038164       0.952209       0.00962711
23   D   E    0.0579805      0.93508        0.00693953
24   T   E    0.09923        0.895694       0.00507623
25   P   E    0.140855       0.847912       0.0112334
26   G   E    0.146473       0.838755       0.0147714
27   Q   E    0.14961        0.832649       0.0177413
28   G   E    0.292703       0.673427       0.0338703
29   L   E    0.203131       0.769008       0.0278608
30   T   E    0.159229       0.811894       0.0288762
31   C   E    0.140158       0.82938        0.0304626
32   S   E    0.228471       0.730653       0.0408754
33   G   E    0.203701       0.751727       0.0445723
34   E   E    0.168219       0.795985       0.0357965
35   K   E    0.13926        0.831394       0.0293459
36   R   E    0.133676       0.837872       0.0284519
37   R   E    0.13711        0.847155       0.0157344
38   R   E    0.115248       0.874618       0.0101341
39   E   E    0.103133       0.886674       0.0101933
40   Q   E    0.0813495      0.914037       0.00461339
41   E   E    0.110075       0.884902       0.00502325
42   S   E    0.134051       0.861988       0.00396127
43   K   E    0.0672256      0.929401       0.00337367
44   Y   E    0.0304321      0.96706        0.00250742
45   I   E    0.0241043      0.973664       0.00223147
46   E   E    0.0334925      0.963843       0.00266496
47   E   E    0.0514426      0.946061       0.00249612
48   L   E    0.045539       0.951876       0.00258483
49   A   E    0.0785265      0.917943       0.0035303
50   E   E    0.106643       0.88828        0.00507626
51   L   E    0.0571756      0.938281       0.00454349
52   I   E    0.0421674      0.951739       0.00609371
53   S   E    0.082729       0.906509       0.0107617
54   A   E    0.12915        0.858227       0.0126233
55   N   E    0.198968       0.782527       0.0185045
56   L   E    0.195042       0.767847       0.0371111
57   S   E    0.216659       0.737683       0.0456583
58   D   E    0.213155       0.719005       0.0678391
59   I   E    0.170699       0.771826       0.0574755
60   D   E    0.403707       0.528834       0.0674596
END
