Secondary Structure Prediction Output (Part of REGAd3p ASA Prediction)
TARGET: P21246, Length: 60

SR#  AA  SSp  pCoil          pBeta          pHelix
1    M   C    0.675328       0.120175       0.204498
2    Q   C    0.498653       0.268773       0.232574
3    A   C    0.471287       0.213849       0.314864
4    Q   H    0.291239       0.269032       0.439728
5    Q   H    0.210554       0.306618       0.482828
6    Y   H    0.186024       0.279138       0.534837
7    Q   H    0.23071        0.303147       0.466143
8    Q   H    0.262804       0.287807       0.449389
9    Q   H    0.304584       0.247058       0.448358
10   R   E    0.286307       0.390557       0.323136
11   R   E    0.265805       0.53396        0.200235
12   K   E    0.198816       0.660656       0.140528
13   F   E    0.0867486      0.794839       0.118413
14   A   E    0.0920004      0.799366       0.108634
15   A   E    0.147376       0.682968       0.169657
16   A   E    0.151192       0.698043       0.150765
17   F   E    0.109095       0.739619       0.151286
18   L   E    0.124501       0.728605       0.146894
19   A   E    0.14546        0.720315       0.134225
20   F   E    0.116708       0.734191       0.149101
21   I   E    0.0991685      0.739739       0.161092
22   F   E    0.0892096      0.717304       0.193486
23   I   E    0.0905038      0.69081        0.218686
24   L   E    0.0869698      0.64021        0.27282
25   A   E    0.125283       0.569388       0.305329
26   A   E    0.122676       0.543038       0.334286
27   V   E    0.088281       0.540293       0.371426
28   D   H    0.0633684      0.459996       0.476635
29   T   H    0.0410851      0.328513       0.630402
30   A   H    0.0298665      0.255941       0.714192
31   E   H    0.0240669      0.21484        0.761093
32   A   H    0.0482183      0.174699       0.777083
33   G   H    0.111084       0.187699       0.701217
34   K   H    0.138062       0.21366        0.648278
35   K   H    0.157107       0.375717       0.467176
36   E   E    0.143288       0.464701       0.392011
37   K   E    0.185531       0.598802       0.215667
38   P   E    0.159401       0.562643       0.277956
39   E   E    0.111719       0.668426       0.219855
40   K   E    0.142735       0.678175       0.17909
41   K   E    0.188322       0.651054       0.160624
42   V   E    0.164708       0.689203       0.146089
43   K   E    0.153031       0.686839       0.16013
44   K   E    0.149681       0.624232       0.226087
45   S   E    0.114347       0.737013       0.14864
46   D   E    0.0689507      0.787443       0.143607
47   C   E    0.0277758      0.87451        0.0977146
48   G   E    0.0481615      0.878444       0.0733942
49   E   E    0.0452077      0.893428       0.0613639
50   W   E    0.0335277      0.929903       0.0365688
51   Q   E    0.0265285      0.952405       0.0210668
52   W   E    0.0170582      0.961875       0.0210667
53   S   E    0.0177428      0.968238       0.0140193
54   V   E    0.0125086      0.969189       0.0183029
55   C   E    0.00490284     0.988841       0.00625651
56   V   E    0.012194       0.981159       0.00664745
57   P   E    0.0336876      0.950511       0.0158011
58   T   E    0.105635       0.862796       0.031569
59   S   E    0.314751       0.623158       0.062091
60   G   C    0.60186        0.338271       0.0598691
END
