Secondary Structure Prediction Output (Part of REGAd3p ASA Prediction)
TARGET: Q01844-1, Length: 60

SR#  AA  SSp  pCoil          pBeta          pHelix
1    M   C    0.650744       0.275848       0.0734082
2    A   E    0.36604        0.564942       0.0690187
3    S   E    0.258416       0.634496       0.107088
4    T   E    0.123915       0.766594       0.10949
5    D   E    0.0966958      0.826363       0.0769415
6    Y   E    0.0564372      0.854799       0.088764
7    S   E    0.0629648      0.810928       0.126107
8    T   E    0.0562848      0.756676       0.187039
9    Y   E    0.0399408      0.729386       0.230674
10   S   E    0.0494461      0.571601       0.378953
11   Q   E    0.0404923      0.60521        0.354298
12   A   E    0.0350179      0.692675       0.272307
13   A   E    0.044344       0.702253       0.253403
14   A   E    0.064853       0.544994       0.390153
15   Q   E    0.0886669      0.583195       0.328138
16   Q   E    0.0824393      0.764138       0.153423
17   G   E    0.0744549      0.868024       0.0575214
18   Y   E    0.033564       0.918309       0.0481274
19   S   E    0.0200289      0.949542       0.0304288
20   A   E    0.0318306      0.905305       0.0628648
21   Y   E    0.0215008      0.932032       0.0464675
22   T   E    0.0233393      0.92222        0.0544408
23   A   E    0.041577       0.890128       0.0682955
24   Q   E    0.0843748      0.881839       0.0337858
25   P   E    0.129179       0.811602       0.0592182
26   T   E    0.0938134      0.832001       0.0741851
27   Q   E    0.0692812      0.825915       0.104804
28   G   E    0.0824865      0.825583       0.0919308
29   Y   E    0.041719       0.86267        0.0956109
30   A   E    0.0381264      0.834489       0.127384
31   Q   E    0.0548095      0.849735       0.0954554
32   T   E    0.0898855      0.799226       0.110888
33   T   E    0.0847285      0.739056       0.176216
34   Q   E    0.0684226      0.791726       0.139851
35   A   E    0.10573        0.73244        0.16183
36   Y   E    0.0980853      0.734261       0.167654
37   G   E    0.143765       0.684701       0.171534
38   Q   E    0.189119       0.620815       0.190066
39   Q   E    0.190792       0.733359       0.0758491
40   S   E    0.254575       0.680991       0.0644339
41   Y   E    0.117934       0.833971       0.0480947
42   G   E    0.0961504      0.873905       0.0299451
43   T   E    0.0966231      0.873559       0.0298179
44   Y   E    0.0779079      0.886971       0.0351214
45   G   E    0.120313       0.834225       0.0454625
46   Q   E    0.155419       0.818909       0.0256718
47   P   E    0.165677       0.813341       0.020982
48   T   E    0.115226       0.867137       0.017636
49   D   E    0.0711484      0.904962       0.0238899
50   V   E    0.0601282      0.915047       0.0248244
51   S   E    0.0720133      0.893502       0.0344846
52   Y   E    0.0520503      0.891798       0.0561518
53   T   E    0.073744       0.844484       0.0817717
54   Q   E    0.0781451      0.806734       0.115121
55   A   E    0.108208       0.771381       0.120411
56   Q   E    0.088667       0.831732       0.0796012
57   T   E    0.0931934      0.837616       0.0691909
58   T   E    0.132415       0.792061       0.075524
59   A   E    0.263207       0.654163       0.0826301
60   T   C    0.511007       0.3607         0.128293
END
