Secondary Structure Prediction Output (Part of REGAd3p ASA Prediction)
TARGET: P01160, Length: 60

SR#  AA  SSp  pCoil          pBeta          pHelix
1    M   C    0.581109       0.365689       0.0532014
2    S   E    0.432006       0.544072       0.0239215
3    S   E    0.399216       0.558561       0.0422228
4    F   E    0.206762       0.752321       0.0409162
5    S   E    0.171362       0.790872       0.0377661
6    T   E    0.115051       0.839254       0.0456952
7    T   E    0.0428118      0.920923       0.0362647
8    T   E    0.0202562      0.933742       0.0460017
9    V   E    0.0131846      0.927104       0.059711
10   S   E    0.0165907      0.946879       0.0365303
11   F   E    0.0181077      0.943382       0.0385105
12   L   E    0.0175035      0.941766       0.0407308
13   L   E    0.0339692      0.906727       0.0593034
14   L   E    0.0433406      0.864673       0.0919868
15   L   E    0.062401       0.748464       0.189135
16   A   E    0.140647       0.575817       0.283536
17   F   H    0.177753       0.370186       0.452061
18   Q   E    0.239538       0.409077       0.351385
19   L   C    0.431866       0.260691       0.307443
20   L   C    0.42809        0.242221       0.329689
21   G   C    0.371937       0.281933       0.34613
22   Q   H    0.230028       0.342503       0.427468
23   T   E    0.0922977      0.62568        0.282023
24   R   E    0.067878       0.748639       0.183483
25   A   E    0.0511812      0.819401       0.129418
26   N   E    0.0530434      0.907119       0.0398381
27   P   E    0.0383629      0.928          0.0336372
28   M   E    0.0346957      0.927977       0.0373273
29   Y   E    0.0485739      0.894943       0.056483
30   N   E    0.140341       0.782498       0.0771606
31   A   E    0.197554       0.713012       0.089434
32   V   E    0.211764       0.714461       0.0737746
33   S   E    0.203316       0.722403       0.0742816
34   N   E    0.26959        0.604028       0.126383
35   A   E    0.242463       0.633139       0.124398
36   D   E    0.18597        0.707577       0.106453
37   L   E    0.148654       0.687446       0.1639
38   M   E    0.163013       0.66286        0.174127
39   D   E    0.252833       0.548301       0.198865
40   F   E    0.27723        0.46431        0.25846
41   K   E    0.288836       0.512478       0.198686
42   N   C    0.43391        0.414021       0.152069
43   L   E    0.386919       0.460685       0.152397
44   L   E    0.355525       0.533473       0.111002
45   D   E    0.323572       0.502079       0.174349
46   H   E    0.229621       0.541942       0.228436
47   L   E    0.089353       0.762662       0.147985
48   E   E    0.0410263      0.903197       0.055777
49   E   E    0.0369015      0.945001       0.0180974
50   K   E    0.0443088      0.948479       0.00721239
51   M   E    0.0655814      0.922696       0.0117222
52   P   E    0.0651709      0.923623       0.0112062
53   L   E    0.0535171      0.929857       0.0166258
54   E   E    0.0584236      0.923064       0.0185123
55   D   E    0.0516785      0.935978       0.012344
56   E   E    0.0581687      0.934729       0.00710228
57   V   E    0.0919146      0.900913       0.00717245
58   V   E    0.226403       0.765441       0.00815528
59   P   C    0.493417       0.493061       0.0135221
60   P   C    0.742746       0.222074       0.0351797
END
