Secondary Structure Prediction Output (Part of REGAd3p ASA Prediction)
TARGET: Q13426-1, Length: 60

SR#  AA  SSp  pCoil          pBeta          pHelix
1    M   E    0.317951       0.44414        0.237908
2    E   E    0.12519        0.766286       0.108524
3    R   E    0.150064       0.792257       0.0576797
4    K   E    0.151531       0.807509       0.0409599
5    I   E    0.0640944      0.887842       0.0480631
6    S   E    0.085726       0.87343        0.040844
7    R   E    0.085949       0.890116       0.0239349
8    I   E    0.0352244      0.952496       0.0122794
9    H   E    0.0427308      0.948125       0.00914379
10   L   E    0.0430393      0.940929       0.0160314
11   V   E    0.0748186      0.899628       0.0255532
12   S   E    0.0860136      0.867009       0.0469777
13   E   E    0.11909        0.825983       0.054927
14   P   E    0.146713       0.804352       0.0489347
15   S   E    0.151726       0.803096       0.0451782
16   I   E    0.0726288      0.874959       0.0524118
17   T   E    0.0507994      0.91237        0.0368308
18   H   E    0.0147302      0.972293       0.0129764
19   F   E    0.0127325      0.979659       0.00760843
20   L   E    0.0174582      0.967007       0.0155343
21   Q   E    0.0280739      0.938601       0.0333255
22   V   E    0.0271676      0.918681       0.0541515
23   S   E    0.0269818      0.926259       0.0467595
24   W   E    0.0137595      0.914503       0.0717372
25   E   E    0.0497254      0.84006        0.110214
26   K   E    0.152378       0.606397       0.241225
27   T   E    0.228756       0.588167       0.183077
28   L   E    0.20461        0.534686       0.260703
29   E   E    0.27222        0.514065       0.213715
30   S   E    0.29691        0.555132       0.147958
31   G   E    0.273699       0.659163       0.0671377
32   F   E    0.0535035      0.93341        0.0130861
33   V   E    0.0443702      0.950873       0.00475701
34   I   E    0.0317019      0.962577       0.00572088
35   T   E    0.0329045      0.958059       0.009036
36   L   E    0.017039       0.960024       0.0229368
37   T   E    0.0247325      0.942973       0.0322942
38   D   E    0.0402337      0.902118       0.057648
39   G   E    0.143048       0.751885       0.105068
40   H   E    0.161227       0.623246       0.215527
41   S   E    0.0717859      0.801748       0.126466
42   A   E    0.027622       0.919172       0.0532065
43   W   E    0.00503174     0.983803       0.0111653
44   T   E    0.0135109      0.966788       0.019701
45   G   E    0.0205678      0.953608       0.0258239
46   T   E    0.026649       0.959045       0.0143063
47   V   E    0.0206059      0.968173       0.0112215
48   S   E    0.0287638      0.959084       0.0121519
49   E   E    0.0334415      0.946196       0.0203628
50   S   E    0.0394752      0.93406        0.0264645
51   E   E    0.0302144      0.937843       0.0319429
52   I   E    0.0300535      0.931364       0.0385821
53   S   E    0.0641215      0.893943       0.0419353
54   Q   E    0.101781       0.791934       0.106285
55   E   E    0.106968       0.78394        0.109092
56   A   E    0.0763898      0.796586       0.127024
57   D   E    0.0982291      0.782505       0.119266
58   D   E    0.152374       0.735574       0.112052
59   M   E    0.171223       0.710732       0.118044
60   A   E    0.36229        0.486023       0.151687
END
