Secondary Structure Prediction Output (Part of REGAd3p ASA Prediction)
TARGET: O76070, Length: 60

SR#  AA  SSp  pCoil          pBeta          pHelix
1    M   C    0.808863       0.0919726      0.0991647
2    D   C    0.67184        0.182749       0.145411
3    V   E    0.335421       0.347389       0.31719
4    F   E    0.220144       0.519366       0.26049
5    K   E    0.274784       0.430154       0.295063
6    K   C    0.462566       0.301765       0.235669
7    G   C    0.538005       0.268874       0.193121
8    F   C    0.447157       0.335395       0.217448
9    S   E    0.353654       0.525915       0.120431
10   I   E    0.207272       0.57688        0.215848
11   A   C    0.359668       0.345904       0.294428
12   K   C    0.402313       0.274895       0.322791
13   E   C    0.456876       0.227592       0.315532
14   G   C    0.529689       0.213009       0.257303
15   V   E    0.236038       0.557326       0.206637
16   V   E    0.100396       0.723211       0.176393
17   G   E    0.147041       0.575261       0.277697
18   A   H    0.152309       0.359705       0.487987
19   V   H    0.143282       0.224777       0.631941
20   E   H    0.193251       0.146323       0.660426
21   K   H    0.32134        0.158671       0.519989
22   T   H    0.438889       0.120753       0.440358
23   K   H    0.355419       0.0889582      0.555623
24   Q   H    0.392405       0.119795       0.487801
25   G   C    0.530376       0.135551       0.334073
26   V   H    0.279203       0.196201       0.524596
27   T   H    0.119987       0.208806       0.671207
28   E   H    0.0744306      0.0964998      0.82907
29   A   H    0.0928859      0.0664204      0.840694
30   A   H    0.120938       0.0490555      0.830007
31   E   H    0.197536       0.0951563      0.707307
32   K   H    0.38753        0.1819         0.43057
33   T   C    0.59907        0.141523       0.259407
34   K   C    0.553753       0.126262       0.319985
35   E   C    0.485926       0.191108       0.322967
36   G   C    0.417701       0.34141        0.240889
37   V   E    0.117193       0.764151       0.118657
38   M   E    0.0258888      0.938244       0.0358675
39   Y   E    0.028632       0.947652       0.0237161
40   V   E    0.120406       0.818571       0.0610228
41   G   E    0.427372       0.465932       0.106696
42   A   C    0.565672       0.310529       0.123798
43   K   C    0.477708       0.447538       0.0747536
44   T   C    0.587556       0.316509       0.0959356
45   K   C    0.567785       0.288025       0.144189
46   E   C    0.51913        0.308285       0.172584
47   N   C    0.54342        0.31822        0.138359
48   V   E    0.343487       0.552087       0.104426
49   V   E    0.169999       0.769519       0.0604813
50   Q   E    0.192295       0.751213       0.0564915
51   S   E    0.246371       0.691561       0.0620685
52   V   E    0.219065       0.655891       0.125044
53   T   E    0.17932        0.680134       0.140546
54   S   E    0.148373       0.641932       0.209695
55   V   E    0.113429       0.455565       0.431006
56   A   H    0.151993       0.243824       0.604182
57   E   H    0.223762       0.199964       0.576274
58   K   H    0.372752       0.215388       0.411861
59   T   C    0.656875       0.128627       0.214498
60   K   C    0.737301       0.0756816      0.187018
END
