Secondary Structure Prediction Output (Part of REGAd3p ASA Prediction)
TARGET: P35638-1, Length: 60

SR#  AA  SSp  pCoil          pBeta          pHelix
1    M   E    0.320946       0.409002       0.270052
2    A   E    0.0968903      0.769558       0.133552
3    A   E    0.0650287      0.82096        0.114012
4    E   E    0.0404545      0.88466        0.0748851
5    S   E    0.0628907      0.873506       0.063603
6    L   E    0.0602058      0.867724       0.0720706
7    P   E    0.0309933      0.910064       0.0589429
8    F   E    0.0230356      0.875372       0.101592
9    S   E    0.0415167      0.854338       0.104145
10   F   E    0.0565676      0.767036       0.176396
11   G   E    0.108884       0.799708       0.0914084
12   T   E    0.129729       0.787986       0.0822853
13   L   E    0.0794462      0.782638       0.137915
14   S   E    0.0607755      0.809703       0.129522
15   S   E    0.0381712      0.871579       0.09025
16   W   E    0.0132276      0.951725       0.0350472
17   E   E    0.00833672     0.98024        0.0114228
18   L   E    0.00466058     0.967307       0.0280323
19   E   E    0.00314162     0.978624       0.0182346
20   A   E    0.00205965     0.986173       0.0117671
21   W   E    0.000954093    0.994173       0.00487269
22   Y   E    0.00175483     0.993463       0.00478229
23   E   E    0.011304       0.972843       0.0158525
24   D   E    0.0381495      0.937936       0.0239149
25   L   E    0.0469539      0.91235        0.0406957
26   Q   E    0.0509352      0.923568       0.0254968
27   E   E    0.0375776      0.94954        0.0128821
28   V   E    0.0253509      0.96708        0.00756913
29   L   E    0.0156092      0.973144       0.0112468
30   S   E    0.0206016      0.963255       0.0161432
31   S   E    0.0225262      0.950973       0.0265013
32   D   E    0.02279        0.954479       0.0227311
33   E   E    0.0468399      0.905302       0.0478578
34   N   E    0.142909       0.776676       0.0804156
35   G   E    0.254419       0.598004       0.147576
36   G   E    0.307012       0.606586       0.0864026
37   T   E    0.240528       0.698998       0.0604742
38   Y   E    0.223361       0.711845       0.064794
39   V   E    0.262607       0.666784       0.0706092
40   S   E    0.299458       0.64889        0.0516512
41   P   E    0.308721       0.647518       0.0437613
42   P   E    0.292634       0.669238       0.0381285
43   G   E    0.286841       0.660254       0.0529053
44   N   E    0.245606       0.678747       0.0756461
45   E   E    0.201587       0.719616       0.0787973
46   E   E    0.228601       0.680911       0.0904882
47   E   E    0.254822       0.636766       0.108412
48   E   E    0.255484       0.639289       0.105226
49   S   E    0.223282       0.70125        0.0754679
50   K   E    0.155759       0.803563       0.0406778
51   I   E    0.106087       0.86161        0.0323032
52   F   E    0.0774789      0.879843       0.0426777
53   T   E    0.0873493      0.851874       0.0607768
54   T   E    0.108375       0.806018       0.0856063
55   L   E    0.158065       0.741345       0.10059
56   D   E    0.25112        0.668555       0.0803254
57   P   E    0.343997       0.517453       0.13855
58   A   C    0.439851       0.43815        0.121999
59   S   C    0.509799       0.400574       0.089627
60   L   C    0.723776       0.172285       0.103939
END
