Secondary Structure Prediction Output (Part of REGAd3p ASA Prediction)
TARGET: P62328, Length: 44

SR#  AA  SSp  pCoil          pBeta          pHelix
1    M   E    0.350056       0.520418       0.129526
2    S   E    0.136839       0.786051       0.0771105
3    D   E    0.11132        0.816983       0.0716975
4    K   E    0.128249       0.808391       0.0633595
5    P   E    0.124181       0.748228       0.127591
6    D   E    0.0993017      0.704888       0.195811
7    M   E    0.0533053      0.647981       0.298714
8    A   E    0.0348227      0.685223       0.279954
9    E   E    0.0234908      0.829375       0.147134
10   I   E    0.0150401      0.808885       0.176075
11   E   E    0.0181747      0.83385        0.147975
12   K   E    0.034049       0.761058       0.204893
13   F   E    0.0406314      0.716862       0.242506
14   D   E    0.0657192      0.769008       0.165273
15   K   E    0.155134       0.618148       0.226718
16   S   E    0.161822       0.634566       0.203612
17   K   E    0.143944       0.728955       0.127102
18   L   E    0.0655639      0.853138       0.0812986
19   K   E    0.0589389      0.904258       0.0368026
20   K   E    0.0383555      0.940217       0.0214271
21   T   E    0.0175349      0.967847       0.0146178
22   E   E    0.0142531      0.975079       0.0106679
23   T   E    0.0225962      0.963179       0.0142246
24   Q   E    0.0312077      0.948775       0.0200178
25   E   E    0.0369411      0.947812       0.0152468
26   K   E    0.0556142      0.935303       0.00908246
27   N   E    0.0682455      0.924665       0.00708955
28   P   E    0.0789423      0.912888       0.00816978
29   L   E    0.0508379      0.939567       0.0095947
30   P   E    0.0451668      0.938874       0.0159592
31   S   E    0.0386481      0.940569       0.0207829
32   K   E    0.0265626      0.954063       0.0193749
33   E   E    0.0156762      0.972359       0.0119649
34   T   E    0.0205918      0.962734       0.0166741
35   I   E    0.0215891      0.90679        0.0716205
36   E   E    0.025226       0.857694       0.11708
37   Q   E    0.0450717      0.814849       0.140079
38   E   E    0.060177       0.823692       0.116131
39   K   E    0.0811972      0.795663       0.12314
40   Q   E    0.0980505      0.773925       0.128024
41   A   E    0.131338       0.717445       0.151217
42   G   E    0.230328       0.675198       0.0944735
43   E   E    0.365924       0.563884       0.0701916
44   S   C    0.622941       0.312447       0.0646122
END
