Secondary Structure Prediction Output (Part of REGAd3p ASA Prediction)
TARGET: P01112-1, Length: 60

SR#  AA  SSp  pCoil          pBeta          pHelix
1    M   C    0.688479       0.227934       0.0835862
2    T   E    0.405687       0.534505       0.0598078
3    E   E    0.230708       0.713712       0.0555805
4    Y   E    0.0898057      0.88697        0.0232242
5    K   E    0.0986079      0.88367        0.0177225
6    L   E    0.055122       0.91341        0.0314681
7    V   E    0.0201571      0.959936       0.0199071
8    V   E    0.00978714     0.960267       0.0299461
9    V   E    0.0111444      0.932908       0.0559478
10   G   E    0.0210757      0.903514       0.0754107
11   A   E    0.0386011      0.810245       0.151154
12   G   E    0.0574256      0.789233       0.153342
13   G   E    0.0965825      0.746394       0.157023
14   V   E    0.0835076      0.754218       0.162274
15   G   E    0.116405       0.734061       0.149534
16   K   E    0.218372       0.658527       0.1231
17   S   E    0.15573        0.777111       0.0671584
18   A   E    0.120795       0.828925       0.0502796
19   L   E    0.0636298      0.899712       0.0366578
20   T   E    0.0555288      0.910843       0.0336286
21   I   E    0.0343659      0.912746       0.0528886
22   Q   E    0.0432366      0.931659       0.0251043
23   L   E    0.042302       0.919899       0.0377985
24   I   E    0.0518045      0.880813       0.0673828
25   Q   E    0.104623       0.784817       0.11056
26   N   E    0.200707       0.683458       0.115835
27   H   E    0.063447       0.885939       0.0506141
28   F   E    0.0224015      0.951829       0.025769
29   V   E    0.023137       0.943434       0.0334291
30   D   E    0.0250422      0.949452       0.0255059
31   E   E    0.0245457      0.947652       0.0278019
32   Y   E    0.0241686      0.95035        0.025481
33   D   E    0.0258825      0.960156       0.0139614
34   P   E    0.0294907      0.95694        0.0135695
35   T   E    0.0181513      0.970565       0.011284
36   I   E    0.010731       0.964458       0.0248107
37   E   E    0.0207794      0.93643        0.0427904
38   D   E    0.0472507      0.884456       0.0682928
39   S   E    0.0804187      0.848704       0.0708773
40   Y   E    0.0833481      0.851832       0.0648195
41   R   E    0.163293       0.791717       0.0449896
42   K   E    0.244399       0.714846       0.0407542
43   Q   E    0.122419       0.856277       0.0213035
44   V   E    0.0411814      0.945915       0.0129034
45   V   E    0.014982       0.976305       0.00871254
46   I   E    0.00905452     0.979891       0.0110544
47   D   E    0.0242251      0.955553       0.0202222
48   G   E    0.0446711      0.92233        0.0329992
49   E   E    0.0557774      0.916666       0.0275569
50   T   E    0.0418991      0.93535        0.0227512
51   C   E    0.039974       0.935035       0.024991
52   L   E    0.0491653      0.909963       0.0408713
53   L   E    0.0571702      0.871051       0.0717786
54   D   E    0.0585382      0.870163       0.0712993
55   I   E    0.0416637      0.879032       0.0793038
56   L   E    0.0379175      0.826984       0.135099
57   D   E    0.0671887      0.739561       0.19325
58   T   E    0.127098       0.592996       0.279906
59   A   E    0.21344        0.451343       0.335218
60   G   C    0.47726        0.278264       0.244476
END
