Secondary Structure Prediction Output (Part of REGAd3p ASA Prediction)
TARGET: Q92731-1, Length: 60

SR#  AA  SSp  pCoil          pBeta          pHelix
1    M   C    0.530437       0.388427       0.0811362
2    D   E    0.215412       0.750756       0.0338329
3    I   E    0.137577       0.831536       0.0308863
4    K   E    0.154244       0.807933       0.0378226
5    N   E    0.184105       0.783099       0.0327959
6    S   E    0.140744       0.843933       0.0153231
7    P   E    0.137087       0.847954       0.0149592
8    S   E    0.176025       0.813427       0.0105478
9    S   E    0.287645       0.701324       0.0110312
10   L   E    0.315404       0.663827       0.0207696
11   N   E    0.383876       0.602714       0.0134104
12   S   E    0.398353       0.59229        0.00935686
13   P   E    0.265429       0.727629       0.00694202
14   S   E    0.15449        0.841526       0.00398449
15   S   E    0.120895       0.872165       0.00693968
16   Y   E    0.0771635      0.909933       0.0129038
17   N   E    0.14236        0.829926       0.0277144
18   C   E    0.194871       0.744564       0.0605646
19   S   E    0.255567       0.703749       0.040684
20   Q   E    0.223152       0.746052       0.0307965
21   S   E    0.152773       0.830253       0.0169735
22   I   E    0.070815       0.919128       0.0100571
23   L   E    0.0478673      0.937597       0.0145354
24   P   E    0.0624892      0.918226       0.0192851
25   L   E    0.043299       0.936518       0.0201827
26   E   E    0.0571578      0.930694       0.0121482
27   H   E    0.115059       0.873446       0.0114952
28   G   E    0.115771       0.877842       0.00638667
29   S   E    0.039507       0.957605       0.00288752
30   I   E    0.00618366     0.992235       0.00158146
31   Y   E    0.00158155     0.997831       0.000587757
32   I   E    0.00161062     0.997788       0.000601001
33   P   E    0.00510794     0.993416       0.0014763
34   S   E    0.00861513     0.989045       0.0023395
35   S   E    0.00765257     0.988454       0.00389336
36   Y   E    0.00842299     0.986061       0.00551642
37   V   E    0.021982       0.956953       0.0210645
38   D   E    0.0544228      0.880945       0.0646324
39   S   E    0.108043       0.755427       0.136529
40   H   E    0.106394       0.711476       0.18213
41   H   E    0.0356162      0.903327       0.0610569
42   E   E    0.0277961      0.941986       0.0302175
43   Y   E    0.0183618      0.969547       0.0120913
44   P   E    0.0299993      0.956428       0.0135723
45   A   E    0.0398836      0.940909       0.0192076
46   M   E    0.0148188      0.975331       0.00985013
47   T   E    0.00745202     0.98519        0.00735782
48   F   E    0.00415411     0.985283       0.0105628
49   Y   E    0.00494296     0.987994       0.00706336
50   S   E    0.0176589      0.974337       0.00800408
51   P   E    0.0288286      0.9614         0.00977114
52   A   E    0.0255823      0.967975       0.00644319
53   V   E    0.0174312      0.97469        0.00787881
54   M   E    0.0162417      0.96078        0.0229788
55   N   E    0.0443819      0.903547       0.0520712
56   Y   E    0.0279826      0.927234       0.0447835
57   S   E    0.0395403      0.931514       0.0289459
58   I   E    0.116648       0.847743       0.0356095
59   P   E    0.270542       0.695951       0.0335068
60   S   C    0.521634       0.428005       0.0503618
END
