Secondary Structure Prediction Output (Part of REGAd3p ASA Prediction)
TARGET: P32004-1, Length: 60

SR#  AA  SSp  pCoil          pBeta          pHelix
1    M   E    0.466645       0.505707       0.0276476
2    V   E    0.206712       0.775576       0.0177117
3    V   E    0.100318       0.880831       0.0188512
4    A   E    0.0815362      0.903071       0.0153926
5    L   E    0.139597       0.842022       0.0183809
6    R   E    0.163921       0.829125       0.00695482
7    Y   E    0.144054       0.851039       0.00490728
8    V   E    0.0905728      0.90762        0.00180682
9    W   E    0.0515369      0.947656       0.000807606
10   P   E    0.138299       0.860258       0.00144223
11   L   E    0.191594       0.806111       0.00229548
12   L   E    0.162007       0.834331       0.00366216
13   L   E    0.145968       0.847217       0.0068149
14   C   E    0.106195       0.890815       0.00298992
15   S   E    0.135544       0.863068       0.0013886
16   P   E    0.134958       0.862996       0.00204621
17   C   E    0.0801691      0.918348       0.0014826
18   L   E    0.158676       0.836284       0.0050398
19   L   E    0.119223       0.874892       0.00588532
20   I   E    0.0404417      0.955263       0.00429486
21   Q   E    0.0255408      0.972799       0.00166046
22   I   E    0.0288897      0.969883       0.00122706
23   P   E    0.0578749      0.940722       0.00140271
24   E   E    0.0877638      0.910264       0.00197239
25   E   E    0.0984309      0.899375       0.00219409
26   Y   E    0.11706        0.88043        0.0025107
27   E   E    0.151663       0.84593        0.00240647
28   G   E    0.143094       0.854289       0.00261712
29   H   E    0.117228       0.881663       0.00110952
30   H   E    0.1321         0.867067       0.000832738
31   V   E    0.1097         0.889409       0.000890893
32   M   E    0.0661497      0.93334        0.000509935
33   E   E    0.0895862      0.909863       0.000550841
34   P   E    0.0821503      0.917006       0.000843474
35   P   E    0.0245574      0.974879       0.000563596
36   V   E    0.0123702      0.987202       0.000427981
37   I   E    0.0137123      0.985617       0.000670467
38   T   E    0.0447424      0.95302        0.00223747
39   E   E    0.110293       0.883372       0.00633527
40   Q   E    0.133627       0.861395       0.00497845
41   S   E    0.258238       0.737422       0.00434074
42   P   E    0.184388       0.812274       0.00333778
43   R   E    0.084089       0.914362       0.00154933
44   R   E    0.110326       0.887627       0.00204624
45   L   E    0.0832985      0.914147       0.00255495
46   V   E    0.0517889      0.945747       0.00246388
47   V   E    0.0331971      0.964788       0.00201518
48   F   E    0.0181361      0.980961       0.00090314
49   P   E    0.062464       0.934467       0.0030694
50   T   E    0.0951566      0.899987       0.00485626
51   D   E    0.0619184      0.933104       0.00497736
52   D   E    0.0776979      0.918838       0.00346391
53   I   E    0.0660766      0.93002        0.00390311
54   S   E    0.0722599      0.923854       0.00388634
55   L   E    0.0687532      0.923452       0.00779467
56   K   E    0.0355937      0.95752        0.00688619
57   C   E    0.0267866      0.965924       0.00728911
58   E   E    0.0424626      0.952837       0.00470038
59   A   E    0.100126       0.895517       0.00435703
60   S   E    0.428323       0.560938       0.0107386
END
