Secondary Structure Prediction Output (Part of REGAd3p ASA Prediction)
TARGET: P22531, Length: 60

SR#  AA  SSp  pCoil          pBeta          pHelix
1    M   C    0.793341       0.0345259      0.172133
2    S   C    0.740926       0.0497024      0.209372
3    Y   H    0.443393       0.0549722      0.501634
4    Q   H    0.210999       0.0436084      0.745393
5    Q   H    0.115631       0.0339189      0.85045
6    Q   H    0.256752       0.0550493      0.688199
7    Q   H    0.426649       0.136761       0.436591
8    C   C    0.590872       0.18719        0.221938
9    K   C    0.625579       0.20453        0.169891
10   Q   C    0.772474       0.151499       0.076027
11   P   C    0.819844       0.119291       0.0608649
12   C   C    0.893931       0.0913098      0.0147591
13   Q   C    0.937622       0.0581978      0.00418053
14   P   C    0.936625       0.0590903      0.00428518
15   P   C    0.938769       0.0519828      0.00924844
16   P   C    0.822683       0.153483       0.0238344
17   V   C    0.618455       0.363106       0.0184391
18   C   C    0.564859       0.430061       0.00507987
19   P   C    0.656498       0.3378         0.00570172
20   T   C    0.73848        0.251429       0.0100907
21   P   C    0.840268       0.142914       0.0168176
22   K   C    0.841699       0.145533       0.012768
23   C   C    0.80815        0.184901       0.00694834
24   P   C    0.888982       0.100907       0.0101106
25   E   C    0.912309       0.0818171      0.00587345
26   P   C    0.945082       0.0479014      0.0070165
27   C   C    0.95554        0.0427468      0.00171337
28   P   C    0.95255        0.0457105      0.00173918
29   P   C    0.932615       0.0617144      0.00567023
30   P   C    0.90711        0.0823292      0.0105612
31   K   C    0.843268       0.146941       0.00979069
32   C   C    0.820037       0.174444       0.00551867
33   P   C    0.893953       0.0967429      0.00930393
34   E   C    0.918143       0.0749639      0.00689289
35   P   C    0.93912        0.0526637      0.00821642
36   C   C    0.950568       0.0472419      0.00218972
37   P   C    0.952455       0.0450803      0.00246442
38   P   C    0.924369       0.0632897      0.0123411
39   P   C    0.885294       0.0823411      0.0323646
40   K   C    0.850827       0.117465       0.0317078
41   C   C    0.877651       0.106073       0.0162756
42   P   C    0.921769       0.0573873      0.0208437
43   Q   C    0.926969       0.052279       0.0207523
44   P   C    0.943737       0.0308996      0.0253639
45   C   C    0.962458       0.0295485      0.00799331
46   P   C    0.961225       0.0276668      0.0111085
47   P   C    0.857583       0.0615995      0.0808176
48   Q   C    0.727583       0.0814995      0.190917
49   Q   C    0.626075       0.144163       0.229762
50   C   C    0.678765       0.185187       0.136048
51   Q   C    0.664155       0.205137       0.130707
52   Q   C    0.699895       0.232546       0.0675586
53   K   C    0.740068       0.226492       0.0334395
54   C   C    0.8182         0.17024        0.0115603
55   P   C    0.906904       0.0822175      0.0108787
56   P   C    0.831518       0.143115       0.0253669
57   V   C    0.755881       0.21731        0.0268091
58   T   C    0.84648        0.135915       0.0176049
59   P   C    0.898127       0.0769317      0.0249418
60   S   C    0.898031       0.0537253      0.0482439
END
