Secondary Structure Prediction Output (Part of REGAd3p ASA Prediction)
TARGET: P10451-1, Length: 60

SR#  AA  SSp  pCoil          pBeta          pHelix
1    M   C    0.493609       0.39299        0.113401
2    R   E    0.231179       0.716261       0.0525603
3    I   E    0.0875292      0.868164       0.044307
4    A   E    0.0408091      0.940136       0.0190549
5    V   E    0.0176141      0.970426       0.0119598
6    I   E    0.0115981      0.965791       0.0226108
7    C   E    0.00759861     0.974686       0.017715
8    F   E    0.00711742     0.974048       0.0188348
9    C   E    0.00920196     0.982004       0.00879445
10   L   E    0.0250418      0.961673       0.0132856
11   L   E    0.0480074      0.925375       0.0266174
12   G   E    0.0849215      0.878011       0.0370674
13   I   E    0.041196       0.925979       0.0328253
14   T   E    0.0217669      0.957796       0.020437
15   C   E    0.0253339      0.946907       0.0277591
16   A   E    0.0296056      0.951817       0.0185774
17   I   E    0.0216023      0.964759       0.0136391
18   P   E    0.0283567      0.956186       0.0154574
19   V   E    0.0262224      0.952955       0.0208224
20   K   E    0.0539484      0.908452       0.0375994
21   Q   E    0.0572468      0.894428       0.0483248
22   A   E    0.0706037      0.881245       0.0481513
23   D   E    0.0554355      0.895842       0.0487229
24   S   E    0.0420439      0.905167       0.0527887
25   G   E    0.0475071      0.88958        0.0629127
26   S   E    0.0341525      0.919884       0.0459634
27   S   E    0.0222231      0.944812       0.0329653
28   E   E    0.0227596      0.924326       0.0529146
29   E   E    0.0293604      0.881366       0.0892733
30   K   E    0.0706436      0.765845       0.163511
31   Q   E    0.0774527      0.700638       0.221909
32   L   E    0.101943       0.580707       0.317351
33   Y   E    0.113046       0.574321       0.312633
34   N   E    0.168781       0.457257       0.373961
35   K   E    0.203693       0.44802        0.348287
36   Y   E    0.121952       0.673603       0.204445
37   P   E    0.12377        0.664933       0.211297
38   D   E    0.161323       0.579932       0.258746
39   A   E    0.108214       0.733547       0.158239
40   V   E    0.0965681      0.775555       0.127877
41   A   E    0.088243       0.798704       0.113053
42   T   E    0.0723843      0.854823       0.0727926
43   W   E    0.069606       0.895392       0.0350017
44   L   E    0.11646        0.842897       0.0406432
45   N   E    0.205353       0.759104       0.035543
46   P   E    0.19256        0.762743       0.0446972
47   D   E    0.240372       0.720867       0.0387604
48   P   E    0.210033       0.738863       0.0511033
49   S   E    0.232046       0.704019       0.0639345
50   Q   E    0.143344       0.792632       0.0640234
51   K   E    0.140596       0.802606       0.0567977
52   Q   E    0.103209       0.852267       0.0445235
53   N   E    0.212545       0.735845       0.0516096
54   L   E    0.212645       0.68195        0.105404
55   L   E    0.2177         0.668315       0.113984
56   A   E    0.278233       0.616316       0.105451
57   P   E    0.376659       0.530115       0.093226
58   Q   E    0.423252       0.503605       0.0731429
59   N   C    0.622801       0.316403       0.0607963
60   A   C    0.750013       0.165324       0.084663
END
