Secondary Structure Prediction Output (Part of REGAd3p ASA Prediction)
TARGET: Q92886, Length: 60

SR#  AA  SSp  pCoil          pBeta          pHelix
1    M   C    0.544209       0.284198       0.171593
2    P   E    0.183609       0.71224        0.104151
3    A   E    0.112473       0.802862       0.0846643
4    R   E    0.0669277      0.88245        0.0506222
5    L   E    0.04448        0.877685       0.0778354
6    E   E    0.0335135      0.910152       0.0563345
7    T   E    0.037818       0.905612       0.0565698
8    C   E    0.0370114      0.922163       0.0408254
9    I   E    0.0339883      0.915662       0.05035
10   S   E    0.0382688      0.916802       0.0449293
11   D   E    0.0500345      0.902409       0.0475565
12   L   E    0.0379181      0.909373       0.0527087
13   D   E    0.0708881      0.864137       0.0649745
14   C   E    0.117181       0.775865       0.106954
15   A   E    0.222012       0.665978       0.11201
16   S   E    0.165469       0.743977       0.0905537
17   S   E    0.175248       0.744147       0.0806052
18   S   E    0.143867       0.777296       0.0788369
19   G   E    0.134824       0.771993       0.0931824
20   S   E    0.0772172      0.853601       0.0691818
21   D   E    0.0834724      0.871834       0.0446937
22   L   E    0.0687013      0.891335       0.0399638
23   S   E    0.114682       0.831411       0.0539071
24   G   E    0.0998826      0.806096       0.0940214
25   F   E    0.0759068      0.832538       0.0915553
26   L   E    0.0600017      0.847591       0.0924069
27   T   E    0.0801057      0.758245       0.16165
28   D   E    0.0488847      0.732676       0.218439
29   E   E    0.0371151      0.744807       0.218078
30   E   E    0.0460312      0.642574       0.311395
31   D   H    0.0558107      0.378063       0.566127
32   C   H    0.0546015      0.254648       0.69075
33   A   H    0.0897685      0.253838       0.656394
34   R   H    0.15469        0.255122       0.590187
35   L   H    0.210576       0.260645       0.528779
36   Q   H    0.177215       0.257375       0.56541
37   Q   E    0.164122       0.421702       0.414176
38   A   E    0.166402       0.51873        0.314868
39   A   E    0.19027        0.556836       0.252894
40   S   E    0.215343       0.543003       0.241654
41   A   E    0.245181       0.511784       0.243034
42   S   E    0.289079       0.511755       0.199166
43   G   E    0.379353       0.461409       0.159238
44   P   E    0.35824        0.474849       0.166911
45   P   E    0.265993       0.542624       0.191383
46   A   E    0.268538       0.525739       0.205722
47   P   E    0.257565       0.500073       0.242362
48   A   E    0.269761       0.457162       0.273077
49   R   E    0.332979       0.455569       0.211452
50   R   C    0.437162       0.387687       0.17515
51   G   C    0.540061       0.294238       0.1657
52   A   C    0.531455       0.320217       0.148328
53   P   E    0.396904       0.421464       0.181632
54   N   E    0.267669       0.4448         0.287531
55   I   E    0.172289       0.460889       0.366822
56   S   E    0.110843       0.571414       0.317743
57   R   E    0.104365       0.661769       0.233866
58   A   E    0.201993       0.600107       0.197901
59   S   E    0.368309       0.505775       0.125916
60   E   C    0.644067       0.224922       0.131012
END
