Secondary Structure Prediction Output (Part of REGAd3p ASA Prediction)
TARGET: Q09472, Length: 60

SR#  AA  SSp  pCoil          pBeta          pHelix
1    M   E    0.0900151      0.909652       0.000332402
2    A   E    0.0617776      0.938103       0.000119642
3    E   E    0.0721955      0.927677       0.00012761
4    N   E    0.0538391      0.946069       9.1719e-05
5    V   E    0.0695535      0.930268       0.00017805
6    V   E    0.04893        0.950918       0.00015226
7    E   E    0.0449954      0.954882       0.000122848
8    P   E    0.0385599      0.961342       9.82853e-05
9    G   E    0.0401742      0.959747       7.87001e-05
10   P   E    0.0412325      0.95867        9.78607e-05
11   P   E    0.0529253      0.946954       0.000120235
12   S   E    0.0654167      0.934431       0.000152498
13   A   E    0.0641689      0.935654       0.000177258
14   K   E    0.0522202      0.947647       0.000132279
15   R   E    0.0610009      0.938897       0.00010234
16   P   E    0.0675079      0.932388       0.000104432
17   K   E    0.0763271      0.923585       8.77266e-05
18   L   E    0.0665841      0.933269       0.000146854
19   S   E    0.0741779      0.925661       0.00016151
20   S   E    0.0609075      0.93894        0.000152271
21   P   E    0.0370205      0.962821       0.000158199
22   A   E    0.0436444      0.956157       0.000198803
23   L   E    0.114304       0.88507        0.000626208
24   S   E    0.192075       0.806814       0.00111139
25   A   E    0.135981       0.862985       0.00103411
26   S   E    0.103239       0.896226       0.000534957
27   A   E    0.182743       0.816137       0.00112061
28   S   E    0.175155       0.823122       0.00172218
29   D   E    0.172995       0.825244       0.00176163
30   G   E    0.120582       0.878614       0.000804275
31   T   E    0.100759       0.89836        0.000880204
32   D   E    0.0586334      0.940582       0.000784767
33   F   E    0.0460948      0.953398       0.000507424
34   G   E    0.0984617      0.900861       0.000677773
35   S   E    0.133504       0.865735       0.000761051
36   L   E    0.0668909      0.93271        0.000398994
37   F   E    0.051998       0.947758       0.00024394
38   D   E    0.11216        0.887504       0.000336364
39   L   E    0.116815       0.882777       0.000407955
40   E   E    0.106054       0.893623       0.000322725
41   H   E    0.103243       0.896524       0.000233477
42   D   E    0.117679       0.882106       0.000214685
43   L   E    0.0823573      0.917481       0.000162162
44   P   E    0.0751934      0.924674       0.000132534
45   D   E    0.0562814      0.943615       0.000103463
46   E   E    0.0714025      0.928441       0.000156538
47   L   E    0.0507472      0.949119       0.000133483
48   I   E    0.0306513      0.969262       8.66521e-05
49   N   E    0.0509586      0.948897       0.000144306
50   S   E    0.0747303      0.925091       0.000178581
51   T   E    0.076293       0.923493       0.000213518
52   E   E    0.109183       0.89051        0.000306412
53   L   E    0.104949       0.894741       0.00031008
54   G   E    0.107583       0.892052       0.000364794
55   L   E    0.141509       0.857821       0.000670052
56   T   E    0.107013       0.892384       0.000603501
57   N   E    0.217762       0.779765       0.00247241
58   G   E    0.40707        0.589637       0.00329295
59   G   E    0.441964       0.554935       0.00310124
60   D   C    0.706972       0.287725       0.00530269
END
