Secondary Structure Prediction Output (Part of REGAd3p ASA Prediction)
TARGET: P24522-1, Length: 60

SR#  AA  SSp  pCoil          pBeta          pHelix
1    M   E    0.354975       0.600996       0.0440287
2    T   E    0.093331       0.888401       0.0182677
3    L   E    0.035242       0.932668       0.0320898
4    E   E    0.0172782      0.95656        0.0261614
5    E   E    0.0232621      0.93386        0.0428779
6    F   E    0.0358739      0.873764       0.090362
7    S   E    0.0537045      0.74732        0.198976
8    A   H    0.0928828      0.385942       0.521175
9    G   H    0.149304       0.300594       0.550102
10   E   H    0.154703       0.335752       0.509546
11   Q   E    0.183088       0.467419       0.349492
12   K   E    0.184879       0.493638       0.321483
13   T   E    0.107865       0.609623       0.282513
14   E   E    0.0806553      0.70822        0.211124
15   R   E    0.110148       0.746588       0.143264
16   M   E    0.0790822      0.770772       0.150146
17   D   E    0.0441909      0.838114       0.117695
18   K   E    0.0576167      0.835455       0.106929
19   V   E    0.0524048      0.851002       0.0965932
20   G   E    0.114419       0.740595       0.144986
21   D   E    0.129414       0.741256       0.12933
22   A   E    0.0672233      0.87506        0.0577168
23   L   E    0.0463818      0.906721       0.0468975
24   E   E    0.047845       0.905203       0.0469516
25   E   E    0.0501278      0.92592        0.0239522
26   V   E    0.0607743      0.913663       0.0255622
27   L   E    0.0474022      0.904917       0.0476812
28   S   E    0.057838       0.861627       0.0805347
29   K   E    0.0988369      0.741005       0.160158
30   A   E    0.160247       0.708377       0.131375
31   L   E    0.3306         0.546219       0.123181
32   S   C    0.455218       0.435489       0.109293
33   Q   E    0.323906       0.558157       0.117937
34   R   E    0.183142       0.742773       0.0740848
35   T   E    0.0467646      0.928627       0.0246079
36   I   E    0.0122339      0.964247       0.0235194
37   T   E    0.0128487      0.967816       0.0193354
38   V   E    0.0067445      0.969273       0.023983
39   G   E    0.00450213     0.983795       0.0117032
40   V   E    0.00415611     0.983637       0.0122072
41   Y   E    0.00241687     0.97828        0.0193027
42   E   E    0.00677834     0.957983       0.0352384
43   A   E    0.0238622      0.928534       0.0476035
44   A   E    0.0361044      0.933459       0.0304365
45   K   E    0.0689777      0.916044       0.0149782
46   L   E    0.149509       0.820831       0.0296603
47   L   E    0.113175       0.858486       0.0283391
48   N   E    0.159074       0.803107       0.0378189
49   V   E    0.10746        0.850914       0.0416257
50   D   E    0.06999        0.906436       0.0235739
51   P   E    0.0583597      0.915565       0.0260755
52   D   E    0.0609985      0.913534       0.0254673
53   N   E    0.0355194      0.945559       0.0189212
54   V   E    0.0235288      0.958833       0.0176386
55   V   E    0.0110755      0.97222        0.0167042
56   L   E    0.00894943     0.94905        0.0420001
57   C   E    0.00481464     0.973153       0.0220326
58   L   E    0.0199291      0.953125       0.0269458
59   L   E    0.0956003      0.823339       0.0810606
60   A   E    0.361694       0.499237       0.139069
END
