Secondary Structure Prediction Output (Part of REGAd3p ASA Prediction)
TARGET: P46108-1, Length: 60

SR#  AA  SSp  pCoil          pBeta          pHelix
1    M   C    0.485653       0.289798       0.224549
2    A   E    0.280226       0.539383       0.180391
3    G   E    0.299827       0.498571       0.201601
4    N   E    0.161575       0.675177       0.163247
5    F   E    0.0548484      0.830969       0.114182
6    D   E    0.0900224      0.789274       0.120703
7    S   E    0.103703       0.622088       0.27421
8    E   E    0.113326       0.661685       0.224988
9    E   E    0.132435       0.6658         0.201765
10   R   E    0.159026       0.648143       0.192831
11   S   E    0.104516       0.62832        0.267164
12   S   E    0.0300684      0.798935       0.170997
13   W   E    0.00427456     0.913408       0.0823179
14   Y   E    0.00326636     0.949886       0.0468477
15   W   E    0.00473401     0.925554       0.0697118
16   G   E    0.0177684      0.893109       0.0891229
17   R   E    0.0553571      0.836162       0.108481
18   L   E    0.106315       0.706017       0.187668
19   S   E    0.186845       0.608944       0.204211
20   R   E    0.201163       0.581903       0.216934
21   Q   E    0.134665       0.750435       0.1149
22   E   E    0.0859889      0.849846       0.0641648
23   A   E    0.0691765      0.892189       0.0386349
24   V   E    0.0881192      0.863908       0.0479725
25   A   E    0.153943       0.784421       0.0616359
26   L   E    0.127917       0.791348       0.0807352
27   L   E    0.106183       0.767097       0.12672
28   Q   E    0.158894       0.637585       0.203521
29   G   E    0.297503       0.460326       0.242171
30   Q   E    0.179458       0.711957       0.108585
31   R   E    0.160922       0.786224       0.0528545
32   H   E    0.0971003      0.872848       0.0300513
33   G   E    0.0540657      0.934785       0.0111489
34   V   E    0.0275103      0.965562       0.00692743
35   F   E    0.0113154      0.984423       0.00426135
36   L   E    0.017286       0.976157       0.00655685
37   V   E    0.0271971      0.960786       0.0120173
38   R   E    0.0469033      0.93818        0.0149169
39   D   E    0.108192       0.873224       0.018584
40   S   E    0.201942       0.78351        0.0145485
41   S   E    0.267762       0.714637       0.0176003
42   T   E    0.214896       0.764153       0.0209511
43   S   E    0.138715       0.843407       0.0178781
44   P   E    0.125261       0.853382       0.0213571
45   G   E    0.101292       0.887214       0.0114939
46   D   E    0.0732518      0.921446       0.00530177
47   Y   E    0.0337668      0.963889       0.00234469
48   V   E    0.0386296      0.958786       0.00258468
49   L   E    0.0470186      0.947016       0.00596505
50   S   E    0.0383857      0.956902       0.00471238
51   V   E    0.0563092      0.935169       0.00852159
52   S   E    0.129406       0.855221       0.0153734
53   E   E    0.150369       0.82245        0.0271804
54   N   E    0.224682       0.733082       0.0422361
55   S   E    0.230558       0.70657        0.0628723
56   R   E    0.155187       0.796796       0.0480176
57   V   E    0.0645586      0.891572       0.0438691
58   S   E    0.0540155      0.92279        0.0231947
59   H   E    0.0503517      0.933208       0.0164408
60   Y   E    0.111001       0.86691        0.022089
END
