Secondary Structure Prediction Output (Part of REGAd3p ASA Prediction)
TARGET: P48539, Length: 60

SR#  AA  SSp  pCoil          pBeta          pHelix
1    M   C    0.798964       0.114537       0.0864988
2    S   C    0.692466       0.203434       0.1041
3    E   C    0.567265       0.169294       0.263441
4    R   H    0.394948       0.116665       0.488387
5    Q   C    0.503546       0.0482629      0.448191
6    G   C    0.620486       0.0396117      0.339902
7    A   C    0.722012       0.045509       0.232479
8    G   C    0.752722       0.0840226      0.163255
9    A   C    0.778048       0.060227       0.161725
10   T   C    0.815838       0.0413977      0.142764
11   N   C    0.861107       0.0203867      0.118507
12   G   C    0.871361       0.0172594      0.11138
13   K   C    0.844844       0.0250321      0.130124
14   D   C    0.786453       0.0529912      0.160556
15   K   C    0.716078       0.0698786      0.214043
16   T   C    0.702163       0.0975922      0.200245
17   S   C    0.70452        0.0644959      0.230984
18   G   C    0.738803       0.0585452      0.202652
19   E   C    0.738912       0.0565532      0.204534
20   N   C    0.829677       0.04361        0.126713
21   D   C    0.843443       0.0230773      0.13348
22   G   C    0.806504       0.0280452      0.165451
23   Q   C    0.72167        0.0459512      0.232379
24   K   C    0.719684       0.0740626      0.206253
25   K   C    0.723659       0.0976082      0.178732
26   V   C    0.561282       0.132447       0.306271
27   Q   H    0.389289       0.13786        0.472851
28   E   H    0.299568       0.159861       0.540571
29   E   H    0.284179       0.202083       0.513738
30   F   H    0.289815       0.313971       0.396214
31   D   C    0.359799       0.355182       0.285019
32   I   H    0.27009        0.320759       0.409151
33   D   C    0.488905       0.15594        0.355156
34   M   H    0.450779       0.0937658      0.455456
35   D   C    0.692245       0.059565       0.248191
36   A   C    0.719299       0.02476        0.255941
37   P   C    0.53948        0.0129658      0.447554
38   E   H    0.251713       0.0135825      0.734704
39   T   H    0.145883       0.0135882      0.840528
40   E   H    0.105451       0.0135874      0.880962
41   R   H    0.0610391      0.0187726      0.920188
42   A   H    0.0668736      0.0261574      0.906969
43   A   H    0.0606287      0.0534141      0.885957
44   V   H    0.0569045      0.093961       0.849135
45   A   H    0.0553321      0.109035       0.835633
46   I   H    0.042277       0.0691925      0.888531
47   Q   H    0.0585296      0.0389247      0.902546
48   S   H    0.0942969      0.0229963      0.882707
49   Q   H    0.116086       0.041275       0.842639
50   F   H    0.0990331      0.0817753      0.819192
51   R   H    0.138737       0.0728805      0.788382
52   K   H    0.0793604      0.0920016      0.828638
53   F   H    0.099876       0.120476       0.779648
54   Q   H    0.187038       0.23766        0.575302
55   K   H    0.300105       0.237187       0.462708
56   K   C    0.545438       0.144574       0.309989
57   K   C    0.711037       0.104512       0.18445
58   A   C    0.888975       0.0533557      0.0576696
59   G   C    0.971987       0.0151693      0.0128433
60   S   C    0.968748       0.00886682     0.0223855
END
