Secondary Structure Prediction Output (Part of REGAd3p ASA Prediction)
TARGET: P15311, Length: 60

SR#  AA  SSp  pCoil          pBeta          pHelix
1    M   C    0.730463       0.251143       0.0183942
2    P   E    0.384039       0.604799       0.0111622
3    K   E    0.263026       0.729933       0.00704023
4    P   E    0.141893       0.8453         0.0128066
5    I   E    0.0571266      0.932757       0.010116
6    N   E    0.092023       0.896838       0.0111388
7    V   E    0.081942       0.90439        0.0136684
8    R   E    0.0794368      0.911392       0.00917133
9    V   E    0.0729517      0.911341       0.0157073
10   T   E    0.0794858      0.904547       0.0159669
11   T   E    0.0544614      0.923792       0.0217469
12   M   E    0.0518826      0.916289       0.0318281
13   D   E    0.0475823      0.925083       0.0273345
14   A   E    0.0520626      0.915408       0.0325293
15   E   E    0.0449379      0.932457       0.0226049
16   L   E    0.0252935      0.942893       0.0318131
17   E   E    0.023293       0.952479       0.0242281
18   F   E    0.0221192      0.953915       0.0239654
19   A   E    0.0270501      0.95729        0.0156599
20   I   E    0.0370515      0.942085       0.0208639
21   Q   E    0.102956       0.87595        0.0210942
22   P   E    0.196651       0.764658       0.0386908
23   N   E    0.183484       0.786001       0.0305154
24   T   E    0.085449       0.88           0.0345507
25   T   E    0.0950185      0.858748       0.0462335
26   G   E    0.108785       0.826323       0.0648911
27   K   E    0.14108        0.806743       0.0521769
28   Q   E    0.0965023      0.864167       0.039331
29   L   E    0.0702153      0.895382       0.0344022
30   F   E    0.0608276      0.908731       0.0304418
31   D   E    0.0700026      0.892202       0.0377951
32   Q   E    0.0775913      0.901323       0.0210854
33   V   E    0.0712841      0.909866       0.01885
34   V   E    0.048286       0.93511        0.0166039
35   K   E    0.0605513      0.913804       0.0256449
36   T   E    0.0498289      0.917995       0.0321758
37   I   E    0.023109       0.954964       0.0219275
38   G   E    0.0535356      0.926767       0.0196971
39   L   E    0.100775       0.852628       0.0465965
40   R   E    0.093396       0.874342       0.0322615
41   E   E    0.0850291      0.87988        0.035091
42   V   E    0.0383086      0.937424       0.0242674
43   W   E    0.00655656     0.983668       0.0097755
44   Y   E    0.0075762      0.978421       0.0140027
45   F   E    0.0146795      0.966662       0.0186587
46   G   E    0.0703606      0.90862        0.0210191
47   L   E    0.143557       0.821173       0.0352694
48   H   E    0.103672       0.87692        0.0194077
49   Y   E    0.109236       0.865692       0.0250719
50   V   E    0.0853662      0.895143       0.0194913
51   D   E    0.0702948      0.906984       0.0227209
52   N   E    0.124193       0.835178       0.0406289
53   K   E    0.122553       0.845319       0.032128
54   G   E    0.0867104      0.890722       0.0225674
55   F   E    0.0698576      0.90897        0.0211719
56   P   E    0.051868       0.925423       0.0227085
57   T   E    0.0529701      0.921524       0.0255054
58   W   E    0.052919       0.929171       0.0179098
59   L   E    0.15151        0.819701       0.0287893
60   K   C    0.55295        0.39069        0.0563601
END
