Secondary Structure Prediction Output (Part of REGAd3p ASA Prediction)
TARGET: P52179-1, Length: 60

SR#  AA  SSp  pCoil          pBeta          pHelix
1    M   C    0.64687        0.34288        0.0102503
2    S   E    0.400946       0.589803       0.0092511
3    L   E    0.232068       0.753698       0.0142333
4    P   E    0.0977168      0.892003       0.0102802
5    F   E    0.0353226      0.957376       0.00730124
6    Y   E    0.0576908      0.928998       0.0133115
7    Q   E    0.0608372      0.931185       0.00797767
8    R   E    0.201789       0.783778       0.014433
9    C   E    0.325101       0.659643       0.0152562
10   H   E    0.204309       0.787026       0.00866587
11   Q   E    0.146592       0.849821       0.0035874
12   H   E    0.153283       0.844191       0.00252615
13   Y   E    0.119857       0.878048       0.00209467
14   D   E    0.171744       0.825169       0.00308756
15   L   E    0.190798       0.805988       0.00321333
16   S   E    0.163628       0.834456       0.00191643
17   Y   E    0.099846       0.898587       0.00156738
18   R   E    0.0908449      0.908256       0.000899441
19   N   E    0.181913       0.816918       0.00116855
20   K   E    0.340539       0.658102       0.00135907
21   D   E    0.321607       0.676785       0.00160797
22   V   E    0.192318       0.806536       0.00114547
23   R   E    0.137452       0.862082       0.000466016
24   S   E    0.119048       0.880516       0.000435928
25   T   E    0.159562       0.839667       0.000770741
26   V   E    0.135802       0.862364       0.0018336
27   S   E    0.284786       0.71164        0.00357438
28   H   E    0.200791       0.796139       0.00307012
29   Y   E    0.105707       0.892309       0.00198424
30   Q   E    0.057006       0.941854       0.00113979
31   R   E    0.117815       0.879908       0.00227717
32   E   E    0.30452        0.690908       0.0045723
33   K   E    0.280966       0.715456       0.00357793
34   K   E    0.272443       0.724273       0.00328454
35   R   E    0.198661       0.799021       0.00231822
36   S   E    0.135994       0.862709       0.00129763
37   A   E    0.16138        0.837037       0.0015833
38   V   E    0.154515       0.843604       0.00188016
39   Y   E    0.204913       0.791219       0.00386775
40   T   E    0.18365        0.812216       0.00413418
41   Q   E    0.138592       0.858877       0.00253137
42   G   E    0.229845       0.767443       0.00271212
43   S   E    0.214031       0.783091       0.0028781
44   T   E    0.267035       0.728624       0.00434099
45   A   E    0.465631       0.52727        0.00709888
46   Y   C    0.504416       0.485396       0.0101873
47   S   E    0.306301       0.685806       0.00789287
48   S   E    0.195935       0.797844       0.00622171
49   R   E    0.136876       0.859521       0.00360263
50   S   E    0.229693       0.76154        0.00876663
51   S   E    0.256364       0.725632       0.0180038
52   A   E    0.261835       0.702396       0.035769
53   A   E    0.261914       0.70011        0.0379762
54   H   E    0.179659       0.791716       0.028625
55   R   E    0.122546       0.860937       0.0165175
56   R   E    0.187766       0.799257       0.0129765
57   E   E    0.378874       0.603677       0.0174499
58   S   C    0.568614       0.417511       0.0138748
59   E   C    0.674457       0.309841       0.0157019
60   A   C    0.669538       0.312936       0.017526
END
