Secondary Structure Prediction Output (Part of REGAd3p ASA Prediction)
TARGET: Q16633, Length: 60

SR#  AA  SSp  pCoil          pBeta          pHelix
1    M   C    0.491149       0.402099       0.106751
2    L   E    0.0958646      0.837508       0.0666277
3    W   E    0.0273452      0.934937       0.0377175
4    Q   E    0.0283745      0.94796        0.0236653
5    K   E    0.0574524      0.923477       0.019071
6    P   E    0.0611295      0.913807       0.0250636
7    T   E    0.0661438      0.892102       0.0417546
8    A   E    0.101045       0.83995        0.0590045
9    P   E    0.105019       0.830232       0.0647492
10   E   E    0.147861       0.756066       0.0960723
11   Q   E    0.171635       0.739454       0.0889113
12   A   E    0.311745       0.614584       0.0736707
13   P   E    0.429874       0.491839       0.0782867
14   A   E    0.412246       0.469632       0.118122
15   P   E    0.243594       0.636911       0.119495
16   A   E    0.160318       0.707869       0.131812
17   R   E    0.0632662      0.896665       0.0400692
18   P   E    0.0247382      0.943303       0.0319592
19   Y   E    0.0107599      0.963129       0.026111
20   Q   E    0.0156009      0.950691       0.0337079
21   G   E    0.031877       0.939012       0.0291107
22   V   E    0.0209127      0.963985       0.0151027
23   R   E    0.0237178      0.961581       0.0147008
24   V   E    0.0324967      0.92234        0.0451634
25   K   E    0.0444553      0.92203        0.0335151
26   E   E    0.0274404      0.95283        0.0197299
27   P   E    0.0199556      0.967942       0.0121022
28   V   E    0.0123788      0.978333       0.00928851
29   K   E    0.0235914      0.958252       0.0181564
30   E   E    0.0235928      0.944019       0.0323882
31   L   E    0.0282446      0.896082       0.0756735
32   L   E    0.0456596      0.639114       0.315227
33   R   H    0.0906071      0.377133       0.53226
34   R   H    0.195092       0.277043       0.527864
35   K   E    0.236442       0.468781       0.294777
36   R   E    0.24076        0.544325       0.214914
37   G   E    0.320355       0.53379        0.145855
38   H   E    0.291429       0.493166       0.215405
39   A   E    0.262739       0.397486       0.339775
40   S   E    0.332364       0.40176        0.265876
41   S   E    0.306615       0.449992       0.243393
42   G   E    0.249897       0.576618       0.173485
43   A   E    0.213454       0.667353       0.119193
44   A   E    0.145443       0.776864       0.0776924
45   P   E    0.125952       0.806238       0.0678099
46   A   E    0.0910563      0.86295        0.045994
47   P   E    0.0489038      0.93045        0.0206459
48   T   E    0.0640001      0.912445       0.0235551
49   A   E    0.0388447      0.944166       0.016989
50   V   E    0.0307847      0.959594       0.00962104
51   V   E    0.0349016      0.95095        0.0141485
52   L   E    0.0548908      0.921433       0.0236764
53   P   E    0.10028        0.859767       0.0399525
54   H   E    0.111006       0.839431       0.0495622
55   Q   E    0.168685       0.795564       0.0357502
56   P   E    0.233766       0.729312       0.0369221
57   L   E    0.134162       0.824637       0.0412008
58   A   E    0.101678       0.865576       0.032746
59   T   E    0.134316       0.823276       0.0424079
60   Y   E    0.219989       0.704869       0.0751414
END
