Secondary Structure Prediction Output (Part of REGAd3p ASA Prediction)
TARGET: Q14191, Length: 60

SR#  AA  SSp  pCoil          pBeta          pHelix
1    M   C    0.584622       0.40148        0.0138974
2    S   E    0.381298       0.610437       0.00826462
3    E   E    0.402243       0.585507       0.0122496
4    K   E    0.26934        0.723944       0.00671601
5    K   E    0.234293       0.761031       0.00467668
6    L   E    0.112414       0.880445       0.00714113
7    E   E    0.0706702      0.921535       0.00779508
8    T   E    0.0963424      0.892153       0.0115047
9    T   E    0.15677        0.823459       0.0197702
10   A   E    0.187277       0.790038       0.0226848
11   Q   E    0.155889       0.82885        0.015261
12   Q   E    0.199388       0.786437       0.014175
13   R   E    0.216625       0.77463        0.00874511
14   K   E    0.151065       0.841167       0.00776815
15   C   E    0.0711201      0.919877       0.0090029
16   P   E    0.029491       0.963931       0.00657838
17   E   E    0.0121359      0.984239       0.00362503
18   W   E    0.00423519     0.994496       0.00126868
19   M   E    0.00822744     0.99021        0.00156236
20   N   E    0.0469923      0.947738       0.00526983
21   V   E    0.132074       0.849085       0.0188411
22   Q   E    0.148599       0.830816       0.0205849
23   N   E    0.301046       0.670264       0.0286899
24   K   E    0.210098       0.771511       0.0183903
25   R   E    0.0806203      0.908956       0.0104236
26   C   E    0.083369       0.907822       0.00880938
27   A   E    0.130049       0.860031       0.00992008
28   V   E    0.138754       0.849972       0.0112738
29   E   E    0.120389       0.87069        0.00892127
30   E   E    0.103654       0.889993       0.00635283
31   R   E    0.111837       0.883985       0.00417884
32   K   E    0.122818       0.871955       0.00522701
33   A   E    0.114414       0.879618       0.00596845
34   C   E    0.107055       0.886237       0.00670843
35   V   E    0.159211       0.835172       0.00561647
36   R   E    0.222652       0.773421       0.00392626
37   K   E    0.259871       0.737282       0.00284753
38   S   E    0.169296       0.829155       0.001549
39   V   E    0.0887774      0.908768       0.00245492
40   F   E    0.0576886      0.938726       0.00358526
41   E   E    0.0973923      0.897135       0.00547276
42   D   E    0.148891       0.84515        0.0059587
43   D   E    0.238839       0.753853       0.00730799
44   L   E    0.14128        0.853749       0.00497056
45   P   E    0.0971385      0.899952       0.00290993
46   F   E    0.058854       0.938269       0.00287708
47   L   E    0.0533382      0.943033       0.00362922
48   E   E    0.0333954      0.963579       0.00302589
49   F   E    0.0432298      0.951284       0.00548628
50   T   E    0.0882125      0.905445       0.00634262
51   G   E    0.110075       0.883738       0.00618693
52   S   E    0.076464       0.919877       0.00365942
53   I   E    0.0339756      0.963287       0.0027378
54   V   E    0.0282015      0.968502       0.00329681
55   Y   E    0.0204023      0.975911       0.0036864
56   S   E    0.0247303      0.971481       0.00378842
57   Y   E    0.0301917      0.966064       0.00374383
58   D   E    0.0710364      0.924407       0.00455665
59   A   E    0.180828       0.812815       0.00635657
60   S   E    0.457864       0.531523       0.0106123
END
