Secondary Structure Prediction Output (Part of REGAd3p ASA Prediction)
TARGET: P54725-1, Length: 60

SR#  AA  SSp  pCoil          pBeta          pHelix
1    M   C    0.625392       0.350426       0.0241815
2    A   E    0.251214       0.737901       0.0108854
3    V   E    0.0831127      0.910094       0.00679294
4    T   E    0.0167777      0.98022        0.00300228
5    I   E    0.00421107     0.994027       0.00176201
6    T   E    0.00290851     0.996144       0.000947272
7    L   E    0.00222252     0.995606       0.00217128
8    K   E    0.00400763     0.992659       0.00333297
9    T   E    0.0107804      0.981208       0.00801131
10   L   E    0.0200225      0.953937       0.0260402
11   Q   E    0.0233511      0.948734       0.027915
12   Q   E    0.0290712      0.95157        0.0193584
13   Q   E    0.0123471      0.983407       0.00424634
14   T   E    0.00461083     0.993625       0.00176426
15   F   E    0.00155904     0.997476       0.000964769
16   K   E    0.00204323     0.9967         0.00125649
17   I   E    3.2055e-06     0.998844       0.0011529
18   R   E    1.26826e-06    0.999652       0.000346453
19   M   E    1.44682e-06    0.999805       0.000193686
20   E   E    0.0023001      0.997265       0.00043471
21   P   E    0.00580608     0.993426       0.000767656
22   D   E    0.0129835      0.985633       0.00138346
23   E   E    0.00855977     0.990201       0.00123957
24   T   E    0.0104341      0.988416       0.00114976
25   V   E    0.0060461      0.993245       0.000708937
26   K   E    0.00859499     0.990607       0.000798195
27   V   E    0.0129972      0.985778       0.00122527
28   L   E    0.0180871      0.97871        0.00320277
29   K   E    0.0179059      0.978703       0.0033916
30   E   E    0.0124175      0.982164       0.00541868
31   K   E    0.0106325      0.984861       0.00450638
32   I   E    0.00302553     0.994128       0.00284648
33   E   E    0.00591257     0.989372       0.00471561
34   A   E    0.0207675      0.956506       0.0227269
35   E   E    0.0265164      0.927873       0.0456103
36   K   E    0.0311067      0.926081       0.0428122
37   G   E    0.0340515      0.932245       0.0337036
38   R   E    0.0337473      0.928836       0.0374164
39   D   E    0.0360044      0.909227       0.0547684
40   A   E    0.0239956      0.946171       0.029833
41   F   E    0.0139888      0.968637       0.0173744
42   P   E    0.0145526      0.969437       0.0160108
43   V   E    0.0172321      0.953638       0.0291301
44   A   E    0.0369161      0.893036       0.0700475
45   G   E    0.0946796      0.824029       0.0812915
46   Q   E    0.0607509      0.906082       0.0331669
47   K   E    0.0507915      0.937707       0.011502
48   L   E    0.0113412      0.978757       0.00990215
49   I   E    0.0010051      0.996767       0.00222808
50   Y   E    4.21866e-06    0.998307       0.0016887
51   A   E    0.00113959     0.996841       0.00201986
52   G   E    0.00148547     0.997201       0.00131381
53   K   E    0.00284137     0.996166       0.000992186
54   I   E    0.00213626     0.996625       0.00123905
55   L   E    0.00809669     0.986606       0.00529733
56   S   E    0.0307042      0.949218       0.020078
57   D   E    0.0319565      0.942532       0.0255118
58   D   E    0.0542041      0.931546       0.0142494
59   V   E    0.102193       0.887135       0.0106723
60   P   E    0.29015        0.684443       0.0254066
END
