Secondary Structure Prediction Output (Part of REGAd3p ASA Prediction)
TARGET: Q9NX55-2, Length: 60

SR#  AA  SSp  pCoil          pBeta          pHelix
1    M   C    0.648494       0.11476        0.236746
2    R   C    0.582369       0.221094       0.196537
3    R   C    0.53412        0.270709       0.195171
4    R   C    0.572552       0.230759       0.196689
5    G   C    0.655598       0.236205       0.108197
6    E   C    0.432445       0.359947       0.207608
7    I   E    0.287563       0.41759        0.294847
8    D   C    0.386081       0.28063        0.33329
9    M   H    0.32538        0.221469       0.45315
10   A   C    0.444771       0.160772       0.394457
11   T   C    0.497481       0.123149       0.37937
12   E   C    0.497663       0.0422879      0.460049
13   G   C    0.67689        0.0324006      0.290709
14   D   C    0.765307       0.0375044      0.197189
15   V   C    0.581478       0.0729247      0.345597
16   E   C    0.49471        0.104332       0.400957
17   L   C    0.447813       0.126162       0.426025
18   E   C    0.532698       0.104097       0.363205
19   L   C    0.57918        0.11369        0.30713
20   E   C    0.750728       0.0955792      0.153693
21   T   C    0.759284       0.0929417      0.147774
22   E   C    0.802883       0.0560023      0.141115
23   T   C    0.80722        0.0544638      0.138316
24   S   C    0.844821       0.0320677      0.123111
25   G   C    0.818804       0.0256896      0.155506
26   P   C    0.719431       0.0280348      0.252535
27   E   C    0.623966       0.0421689      0.333865
28   R   C    0.652932       0.0437395      0.303329
29   P   C    0.608023       0.0288622      0.363115
30   P   H    0.357502       0.0173112      0.625186
31   E   H    0.328138       0.016456       0.655406
32   K   H    0.423205       0.0163516      0.560444
33   P   H    0.325947       0.0102463      0.663807
34   R   H    0.250625       0.0090037      0.740371
35   K   H    0.22024        0.0152591      0.764501
36   H   H    0.251743       0.0138549      0.734402
37   D   H    0.329012       0.00870145     0.662286
38   S   H    0.458153       0.0079427      0.533904
39   G   C    0.547512       0.0159741      0.436514
40   A   H    0.396907       0.0178347      0.585259
41   A   H    0.33762        0.0242343      0.638146
42   D   H    0.262115       0.0325242      0.70536
43   L   H    0.108393       0.020406       0.871201
44   E   H    0.180091       0.0670916      0.752817
45   R   H    0.208519       0.190381       0.6011
46   V   H    0.330697       0.164518       0.504785
47   T   C    0.537176       0.132184       0.33064
48   D   C    0.530165       0.118462       0.351374
49   Y   H    0.380682       0.0701063      0.549211
50   A   H    0.194529       0.05353        0.751941
51   E   H    0.187026       0.0386469      0.774327
52   E   H    0.117418       0.039328       0.843254
53   K   H    0.146866       0.0814168      0.771717
54   E   H    0.182859       0.169507       0.647634
55   I   H    0.227492       0.193841       0.578667
56   Q   H    0.417308       0.148337       0.434355
57   S   C    0.466387       0.0966132      0.437
58   S   C    0.67699        0.06804        0.25497
59   N   C    0.758988       0.0694149      0.171597
60   L   C    0.733391       0.0561696      0.210439
END
