Secondary Structure Prediction Output (Part of REGAd3p ASA Prediction)
TARGET: O60927, Length: 60

SR#  AA  SSp  pCoil          pBeta          pHelix
1    M   E    0.220642       0.531907       0.247451
2    A   E    0.0539768      0.836609       0.109414
3    E   E    0.0536594      0.819406       0.126935
4    A   E    0.056396       0.804065       0.139539
5    G   E    0.0906317      0.764061       0.145307
6    A   E    0.100752       0.773427       0.125822
7    G   E    0.134915       0.802633       0.0624518
8    L   E    0.0947671      0.84646        0.0587733
9    S   E    0.0889511      0.881408       0.0296408
10   E   E    0.0519465      0.932348       0.015705
11   T   E    0.0335511      0.960733       0.00571545
12   V   E    0.0222993      0.973804       0.00389655
13   T   E    0.0197727      0.976827       0.00340083
14   E   E    0.0207243      0.975042       0.00423405
15   T   E    0.0359162      0.959958       0.00412565
16   T   E    0.0400828      0.954957       0.00495979
17   V   E    0.0450965      0.949706       0.00519782
18   T   E    0.0577063      0.935061       0.00723296
19   V   E    0.0669759      0.923823       0.00920066
20   T   E    0.0616879      0.92812        0.0101923
21   T   E    0.0386082      0.951835       0.00955667
22   E   E    0.042943       0.945349       0.0117084
23   P   E    0.0686244      0.908285       0.0230902
24   E   E    0.111184       0.839368       0.0494479
25   N   E    0.146504       0.777818       0.0756788
26   R   E    0.165884       0.756657       0.0774592
27   S   E    0.15417        0.789422       0.0564079
28   L   E    0.125959       0.775754       0.0982867
29   T   E    0.15158        0.725264       0.123155
30   I   E    0.078132       0.61841        0.303458
31   K   E    0.106746       0.669514       0.22374
32   L   E    0.0783407      0.572053       0.349606
33   R   E    0.147722       0.592001       0.260277
34   K   E    0.146625       0.574436       0.278939
35   R   E    0.229765       0.588183       0.182052
36   K   E    0.314314       0.550244       0.135443
37   P   E    0.259266       0.606817       0.133917
38   E   E    0.188229       0.708763       0.103008
39   K   E    0.131025       0.8184         0.050575
40   K   E    0.0688069      0.896862       0.0343307
41   V   E    0.0165935      0.960014       0.0233921
42   E   E    0.00949309     0.970665       0.0198417
43   W   E    0.00473209     0.980403       0.0148652
44   T   E    0.0202389      0.962437       0.0173244
45   S   E    0.0519111      0.900377       0.0477124
46   D   E    0.0791862      0.856655       0.0641588
47   T   E    0.0507336      0.878281       0.0709851
48   V   E    0.067097       0.74882        0.184083
49   D   E    0.092686       0.665124       0.24219
50   N   E    0.174004       0.576878       0.249118
51   E   E    0.120467       0.570185       0.309348
52   H   E    0.130738       0.570508       0.298754
53   M   E    0.12984        0.563143       0.307017
54   G   E    0.197281       0.48085        0.321869
55   R   E    0.220532       0.481718       0.29775
56   R   E    0.179589       0.64485        0.175561
57   S   E    0.173187       0.718225       0.108588
58   S   E    0.204934       0.704588       0.0904785
59   K   E    0.240927       0.667431       0.0916423
60   C   E    0.327254       0.510854       0.161892
END
