Secondary Structure Prediction Output (Part of REGAd3p ASA Prediction)
TARGET: Q96T21-1, Length: 60

SR#  AA  SSp  pCoil          pBeta          pHelix
1    M   E    0.326932       0.570876       0.102192
2    A   E    0.112381       0.843623       0.0439967
3    S   E    0.130494       0.799858       0.0696473
4    E   E    0.108778       0.812848       0.078374
5    G   E    0.246083       0.681712       0.072205
6    P   E    0.193929       0.719336       0.086735
7    R   E    0.110758       0.841115       0.0481274
8    E   E    0.0959142      0.86176        0.0423263
9    P   E    0.113568       0.850141       0.0362915
10   E   E    0.0899795      0.869106       0.0409142
11   S   E    0.0761171      0.897825       0.0260583
12   E   E    0.0571891      0.92511        0.0177005
13   G   E    0.0588396      0.931162       0.0099983
14   I   E    0.0429697      0.950435       0.00659549
15   K   E    0.0346119      0.960769       0.00461924
16   L   E    0.0583738      0.926212       0.0154144
17   S   E    0.0657199      0.914949       0.0193311
18   A   E    0.0509951      0.932616       0.0163888
19   D   E    0.0516399      0.935401       0.0129588
20   V   E    0.0285089      0.961517       0.00997409
21   K   E    0.0340809      0.957976       0.00794293
22   P   E    0.0146553      0.977725       0.00762014
23   F   E    0.00581823     0.99018        0.00400129
24   V   E    0.00905698     0.98123        0.00971267
25   P   E    0.0178442      0.956863       0.0252927
26   R   E    0.0360114      0.926591       0.0373979
27   F   E    0.0633306      0.87676        0.0599098
28   A   E    0.177519       0.735801       0.0866795
29   G   E    0.39418        0.534614       0.071206
30   L   E    0.338034       0.501979       0.159988
31   N   E    0.266621       0.596745       0.136634
32   V   E    0.161378       0.697373       0.141249
33   A   E    0.0799739      0.817753       0.102273
34   W   E    0.029689       0.940504       0.0298074
35   L   E    0.04664        0.926428       0.0269318
36   E   E    0.0742288      0.897643       0.0281285
37   S   E    0.104247       0.873349       0.0224045
38   S   E    0.108376       0.86214        0.0294835
39   E   E    0.112691       0.852747       0.0345611
40   A   E    0.0829997      0.883905       0.0330954
41   C   E    0.0611153      0.918556       0.020329
42   V   E    0.0455604      0.940787       0.0136527
43   F   E    0.0626595      0.922693       0.0146479
44   P   E    0.089169       0.896797       0.0140342
45   S   E    0.166048       0.81059        0.0233623
46   S   E    0.115338       0.864279       0.0203831
47   A   E    0.0789724      0.906321       0.0147069
48   A   E    0.054251       0.937754       0.00799506
49   T   E    0.0437919      0.948919       0.00728876
50   Y   E    0.0253332      0.967958       0.00670912
51   Y   E    0.0227142      0.972151       0.005135
52   P   E    0.0316349      0.95967        0.00869535
53   F   E    0.0155543      0.979624       0.00482137
54   V   E    0.0139454      0.982187       0.00386735
55   Q   E    0.0216738      0.975158       0.00316848
56   E   E    0.0409588      0.956724       0.00231687
57   P   E    0.0712988      0.924993       0.00370845
58   P   E    0.0947166      0.900707       0.00457681
59   V   E    0.132617       0.860778       0.00660495
60   T   E    0.325276       0.660097       0.0146264
END
