Secondary Structure Prediction Output (Part of REGAd3p ASA Prediction)
TARGET: P09132-1, Length: 60

SR#  AA  SSp  pCoil          pBeta          pHelix
1    M   C    0.494089       0.289993       0.215918
2    A   E    0.228989       0.540152       0.23086
3    C   E    0.146089       0.604554       0.249357
4    A   E    0.12206        0.645778       0.232162
5    A   E    0.185032       0.542707       0.272261
6    A   E    0.257087       0.528116       0.214797
7    R   E    0.309109       0.540513       0.150378
8    S   E    0.325344       0.552005       0.122651
9    P   E    0.167786       0.684202       0.148012
10   A   E    0.121002       0.747518       0.131479
11   D   E    0.152869       0.684035       0.163096
12   Q   E    0.125301       0.720701       0.153998
13   D   E    0.0763587      0.840653       0.0829879
14   R   E    0.0419557      0.913948       0.044096
15   F   E    0.00677021     0.983052       0.0101775
16   I   E    0.00294063     0.98609        0.0109695
17   C   E    0.00112062     0.992718       0.0061609
18   I   E    9.46744e-06    0.996828       0.0031629
19   Y   E    3.50989e-06    0.998284       0.0017122
20   P   E    0.00131027     0.996458       0.00223148
21   A   E    0.00221141     0.994638       0.00315059
22   Y   E    0.00302252     0.991573       0.00540447
23   L   E    0.0076237      0.973178       0.0191983
24   N   E    0.0661329      0.839306       0.0945613
25   N   E    0.100999       0.692974       0.206027
26   K   E    0.110334       0.711538       0.178128
27   K   E    0.0552835      0.865651       0.0790651
28   T   E    0.0346202      0.924242       0.041138
29   I   E    0.0181933      0.914904       0.066903
30   A   E    0.010331       0.89997        0.0896989
31   E   E    0.00679067     0.943063       0.0501467
32   G   E    0.00754401     0.97628        0.0161756
33   R   E    0.0107222      0.981616       0.0076615
34   R   E    0.0128331      0.982132       0.00503492
35   I   E    0.0141107      0.978156       0.00773297
36   P   E    0.0317957      0.9541         0.0141045
37   I   E    0.0473766      0.931482       0.0211416
38   S   E    0.0434873      0.941547       0.0149657
39   K   E    0.0245174      0.958001       0.0174814
40   A   E    0.00824834     0.979072       0.0126797
41   V   E    0.00486247     0.97923        0.0159077
42   E   E    0.00834041     0.975605       0.0160548
43   N   E    0.0420503      0.93509        0.0228601
44   P   E    0.0475632      0.934083       0.0183541
45   T   E    0.0456634      0.923848       0.0304885
46   A   E    0.0580136      0.894618       0.0473686
47   T   E    0.0526489      0.907465       0.0398861
48   E   E    0.0296654      0.941592       0.0287431
49   I   E    0.0198025      0.958618       0.0215796
50   Q   E    0.0267968      0.950841       0.0223626
51   D   E    0.0464001      0.925068       0.0285314
52   V   E    0.0374327      0.928863       0.0337041
53   C   E    0.0394881      0.921134       0.0393779
54   S   E    0.0965967      0.846819       0.0565841
55   A   E    0.167919       0.763727       0.0683545
56   V   E    0.086656       0.85639        0.0569544
57   G   E    0.137392       0.819345       0.0432625
58   L   E    0.145891       0.80177        0.0523396
59   N   E    0.317534       0.63403        0.0484362
60   V   C    0.439806       0.438208       0.121986
END
