Secondary Structure Prediction Output (Part of REGAd3p ASA Prediction)
TARGET: P01106-1, Length: 60

SR#  AA  SSp  pCoil          pBeta          pHelix
1    M   C    0.597757       0.382532       0.0197104
2    P   E    0.313541       0.677007       0.00945208
3    L   E    0.290904       0.690161       0.0189355
4    N   E    0.233404       0.734633       0.0319625
5    V   E    0.170525       0.776497       0.0529782
6    S   E    0.11942        0.845834       0.0347464
7    F   E    0.0784862      0.877996       0.0435181
8    T   E    0.0860324      0.854995       0.0589729
9    N   E    0.140296       0.743825       0.115878
10   R   E    0.178335       0.715867       0.105798
11   N   E    0.134692       0.804884       0.0604244
12   Y   E    0.0662836      0.904906       0.0288108
13   D   E    0.0618811      0.911501       0.0266178
14   L   E    0.0382408      0.937737       0.0240226
15   D   E    0.0408956      0.942216       0.0168887
16   Y   E    0.0333435      0.951135       0.0155218
17   D   E    0.0577476      0.930693       0.0115598
18   S   E    0.0606702      0.930784       0.00854612
19   V   E    0.0847438      0.905126       0.0101306
20   Q   E    0.0558082      0.937068       0.0071238
21   P   E    0.0572976      0.932658       0.010044
22   Y   E    0.0119919      0.984323       0.00368525
23   F   E    0.00992989     0.985045       0.00502515
24   Y   E    0.0239708      0.958807       0.0172224
25   C   E    0.0480784      0.918285       0.0336364
26   D   E    0.0849484      0.860882       0.0541701
27   E   E    0.12184        0.77989        0.0982702
28   E   E    0.105446       0.791935       0.102619
29   E   E    0.0828293      0.795961       0.121209
30   N   E    0.0809504      0.820669       0.0983808
31   F   E    0.0484336      0.843644       0.107923
32   Y   E    0.0522995      0.779905       0.167796
33   Q   E    0.0740228      0.628172       0.297805
34   Q   E    0.133777       0.532587       0.333636
35   Q   E    0.202714       0.563316       0.23397
36   Q   E    0.261843       0.602882       0.135275
37   Q   E    0.30277        0.609543       0.0876873
38   S   E    0.396429       0.533418       0.0701534
39   E   E    0.346003       0.569958       0.0840392
40   L   E    0.370366       0.538597       0.0910366
41   Q   E    0.393479       0.55168        0.0548415
42   P   E    0.389061       0.553676       0.0572625
43   P   E    0.255897       0.681184       0.0629184
44   A   E    0.141069       0.820727       0.0382036
45   P   E    0.193603       0.76058        0.0458177
46   S   E    0.155801       0.770965       0.0732338
47   E   E    0.0836546      0.852884       0.0634615
48   D   E    0.0517874      0.901079       0.047134
49   I   E    0.0468771      0.917499       0.0356241
50   W   E    0.0687129      0.90088        0.030407
51   K   E    0.118091       0.847287       0.0346217
52   K   E    0.104164       0.868148       0.0276885
53   F   E    0.0672377      0.909829       0.0229329
54   E   E    0.0935117      0.88605        0.0204383
55   L   E    0.150547       0.834728       0.0147248
56   L   E    0.207218       0.778961       0.0138212
57   P   E    0.254049       0.731303       0.0146478
58   T   E    0.338148       0.649485       0.012367
59   P   E    0.453588       0.532262       0.0141497
60   P   C    0.6209         0.359699       0.0194015
END
