Secondary Structure Prediction Output (Part of REGAd3p ASA Prediction)
TARGET: Q9UER7-1, Length: 60

SR#  AA  SSp  pCoil          pBeta          pHelix
1    M   C    0.522151       0.418879       0.0589702
2    A   E    0.165045       0.815052       0.0199036
3    T   E    0.0836404      0.898483       0.017877
4    A   E    0.0436183      0.939966       0.0164153
5    N   E    0.0395709      0.947152       0.0132774
6    S   E    0.0341265      0.956351       0.00952281
7    I   E    0.0114351      0.983159       0.00540553
8    I   E    0.00498347     0.991922       0.00309498
9    V   E    0.00837487     0.98724        0.0043847
10   L   E    0.02253        0.954665       0.0228055
11   D   E    0.0478619      0.900755       0.0513831
12   D   E    0.0722485      0.787356       0.140395
13   D   E    0.0732585      0.796194       0.130547
14   D   E    0.0659587      0.77754        0.156501
15   E   E    0.0541372      0.773743       0.17212
16   D   E    0.0458729      0.781688       0.172439
17   E   E    0.0551521      0.828948       0.1159
18   A   E    0.0691579      0.848115       0.0827272
19   A   E    0.0848237      0.841381       0.0737955
20   A   E    0.134699       0.803436       0.0618649
21   Q   E    0.187051       0.772447       0.0405018
22   P   E    0.267663       0.691982       0.0403549
23   G   E    0.345627       0.62747        0.0269025
24   P   E    0.304536       0.67386        0.0216043
25   S   E    0.300355       0.686973       0.0126715
26   H   E    0.288489       0.692869       0.018642
27   P   E    0.257088       0.727685       0.015227
28   L   E    0.28097        0.693671       0.0253592
29   P   E    0.299387       0.684651       0.0159614
30   N   E    0.334578       0.644335       0.0210872
31   A   E    0.295782       0.685775       0.0184439
32   A   E    0.192838       0.795093       0.0120693
33   S   E    0.186332       0.801457       0.0122114
34   P   E    0.186446       0.797245       0.0163089
35   G   E    0.232868       0.746805       0.0203263
36   A   E    0.272028       0.698518       0.0294543
37   E   E    0.225627       0.750623       0.0237499
38   A   E    0.305081       0.665901       0.0290173
39   P   E    0.336082       0.634756       0.0291614
40   S   E    0.344852       0.621626       0.0335227
41   S   E    0.305347       0.660428       0.0342256
42   S   E    0.253972       0.708833       0.037195
43   E   E    0.214411       0.755302       0.0302875
44   P   E    0.249057       0.697529       0.0534148
45   H   E    0.229203       0.666812       0.103986
46   G   E    0.254354       0.656465       0.0891809
47   A   E    0.289933       0.645483       0.0645846
48   R   E    0.296872       0.663802       0.0393252
49   G   E    0.389858       0.587354       0.0227879
50   S   E    0.36078        0.614631       0.0245889
51   S   E    0.314205       0.659505       0.0262904
52   S   E    0.302268       0.667882       0.0298504
53   S   E    0.344087       0.615954       0.0399596
54   G   E    0.320241       0.629319       0.0504396
55   G   E    0.287873       0.661745       0.0503818
56   K   E    0.219609       0.738141       0.0422502
57   K   E    0.224346       0.722846       0.0528088
58   C   E    0.265025       0.689432       0.0455422
59   Y   E    0.36589        0.585998       0.0481116
60   K   C    0.603597       0.344687       0.0517161
END
