Secondary Structure Prediction Output (Part of REGAd3p ASA Prediction)
TARGET: O43464-1, Length: 60

SR#  AA  SSp  pCoil          pBeta          pHelix
1    M   C    0.570854       0.120438       0.308708
2    A   C    0.386387       0.358557       0.255057
3    A   C    0.389558       0.353343       0.257099
4    P   H    0.168006       0.321812       0.510182
5    R   H    0.125793       0.276048       0.598159
6    A   H    0.0930738      0.166539       0.740387
7    G   H    0.134807       0.277628       0.587565
8    R   H    0.140232       0.271972       0.587796
9    G   H    0.155138       0.238472       0.60639
10   A   H    0.158827       0.309427       0.531745
11   G   H    0.171749       0.386856       0.441396
12   W   E    0.140157       0.467954       0.391889
13   S   E    0.163633       0.517235       0.319131
14   L   H    0.0873157      0.242391       0.670293
15   R   H    0.0623785      0.277897       0.659724
16   A   H    0.0556782      0.295806       0.648516
17   W   H    0.0520452      0.406077       0.541878
18   R   H    0.069331       0.396776       0.533893
19   A   H    0.0727525      0.369678       0.55757
20   L   H    0.0885939      0.330186       0.58122
21   G   H    0.171093       0.30834        0.520568
22   G   H    0.196038       0.300848       0.503114
23   I   H    0.0929175      0.420654       0.486428
24   R   E    0.0749227      0.498624       0.426453
25   W   E    0.0582354      0.486829       0.454936
26   G   E    0.164715       0.464145       0.37114
27   R   E    0.226507       0.492545       0.280947
28   R   E    0.269258       0.613437       0.117305
29   P   E    0.277819       0.66519        0.0569905
30   R   E    0.255201       0.696778       0.0480213
31   L   E    0.170258       0.777031       0.0527112
32   T   E    0.143998       0.777354       0.0786486
33   P   E    0.0748461      0.820331       0.104823
34   D   E    0.0632278      0.844357       0.0924152
35   L   E    0.0548282      0.82703        0.118142
36   R   E    0.111284       0.78616        0.102556
37   A   E    0.123516       0.72911        0.147374
38   L   E    0.0625171      0.832783       0.1047
39   L   E    0.0758937      0.825632       0.0984743
40   T   E    0.206822       0.686101       0.107077
41   S   E    0.244293       0.633292       0.122414
42   G   E    0.243649       0.64807        0.108282
43   T   E    0.137241       0.7439         0.11886
44   S   E    0.091707       0.830076       0.0782174
45   D   E    0.158347       0.749884       0.0917694
46   P   E    0.0960899      0.804748       0.0991618
47   R   E    0.0629667      0.867655       0.0693785
48   A   E    0.0412915      0.900764       0.0579444
49   R   E    0.0464466      0.914795       0.038758
50   V   E    0.0491003      0.914011       0.036889
51   T   E    0.0686658      0.883484       0.0478499
52   Y   E    0.0687175      0.868992       0.0622903
53   G   E    0.145899       0.802394       0.0517068
54   T   E    0.175875       0.741833       0.0822918
55   P   E    0.14948        0.73526        0.11526
56   S   E    0.110491       0.658934       0.230575
57   L   E    0.0492824      0.58251        0.368207
58   W   E    0.0635306      0.578844       0.357625
59   A   H    0.118888       0.435362       0.44575
60   R   E    0.289096       0.390345       0.320559
END
