Secondary Structure Prediction Output (Part of REGAd3p ASA Prediction)
TARGET: P53350, Length: 60

SR#  AA  SSp  pCoil          pBeta          pHelix
1    M   C    0.622845       0.301222       0.0759333
2    S   E    0.410317       0.507709       0.0819736
3    A   E    0.262011       0.614552       0.123438
4    A   E    0.148467       0.779448       0.0720855
5    V   E    0.142954       0.715456       0.14159
6    T   E    0.103695       0.758226       0.13808
7    A   E    0.109549       0.765316       0.125135
8    G   E    0.21758        0.664177       0.118243
9    K   E    0.258874       0.637424       0.103702
10   L   E    0.263384       0.523965       0.212652
11   A   E    0.198454       0.614512       0.187033
12   R   E    0.176762       0.740791       0.082447
13   A   E    0.267397       0.674719       0.0578844
14   P   E    0.277101       0.662005       0.0608938
15   A   E    0.234774       0.726672       0.0385537
16   D   E    0.415492       0.546826       0.0376827
17   P   C    0.511079       0.447682       0.0412391
18   G   E    0.399612       0.575608       0.02478
19   K   E    0.278683       0.699417       0.0218999
20   A   E    0.245719       0.737318       0.0169627
21   G   E    0.320662       0.667883       0.0114545
22   V   E    0.375802       0.61047        0.013728
23   P   E    0.229545       0.753763       0.0166913
24   G   E    0.302566       0.68002        0.0174135
25   V   E    0.199663       0.775561       0.0247758
26   A   E    0.106627       0.878267       0.015106
27   A   E    0.191049       0.786011       0.0229401
28   P   E    0.231379       0.73849        0.0301308
29   G   E    0.248395       0.722819       0.0287865
30   A   E    0.335757       0.63308        0.0311628
31   P   E    0.316363       0.65902        0.0246168
32   A   E    0.226816       0.750297       0.022887
33   A   E    0.216444       0.769455       0.0141013
34   A   E    0.265699       0.726191       0.00810933
35   P   E    0.361899       0.631697       0.0064049
36   P   E    0.387404       0.602962       0.0096339
37   A   E    0.23839        0.753375       0.0082352
38   K   E    0.131812       0.863185       0.00500259
39   E   E    0.0533404      0.943818       0.00284148
40   I   E    0.0207243      0.977396       0.00187938
41   P   E    0.0448473      0.952571       0.00258194
42   E   E    0.0704517      0.926274       0.0032742
43   V   E    0.0638149      0.9325         0.00368544
44   L   E    0.062616       0.931067       0.00631704
45   V   E    0.0853629      0.906865       0.00777159
46   D   E    0.123301       0.858608       0.0180913
47   P   E    0.179747       0.760892       0.0593613
48   R   E    0.287178       0.648028       0.0647935
49   S   E    0.271255       0.653183       0.0755624
50   R   E    0.243868       0.693301       0.0628305
51   R   E    0.209678       0.737037       0.0532845
52   R   E    0.233377       0.716578       0.0500441
53   Y   E    0.150426       0.807438       0.0421367
54   V   E    0.149766       0.792331       0.0579032
55   R   E    0.132691       0.79065        0.0766599
56   G   E    0.0882231      0.851727       0.0600496
57   R   E    0.0477269      0.927392       0.0248816
58   F   E    0.0312899      0.949342       0.0193684
59   L   E    0.120248       0.826956       0.052796
60   G   E    0.411674       0.505204       0.0831216
END
