Secondary Structure Prediction Output (Part of REGAd3p ASA Prediction)
TARGET: Q6P3W2-1, Length: 60

SR#  AA  SSp  pCoil          pBeta          pHelix
1    M   C    0.467607       0.448272       0.0841217
2    A   E    0.250869       0.714944       0.0341869
3    V   E    0.129957       0.811107       0.0589358
4    E   E    0.119523       0.803565       0.0769116
5    Q   E    0.162241       0.785379       0.0523797
6    M   E    0.24776        0.681906       0.0703344
7    P   E    0.25571        0.663835       0.0804554
8    K   E    0.181356       0.735452       0.0831923
9    K   E    0.0637944      0.90093        0.0352758
10   D   E    0.0188169      0.971504       0.00967935
11   W   E    0.00210222     0.994162       0.00373606
12   Y   E    0.00160165     0.996143       0.00225568
13   S   E    0.00373927     0.994093       0.00216763
14   I   E    0.0065568      0.990544       0.00289968
15   L   E    0.00659533     0.985827       0.00757755
16   G   E    0.0222005      0.948839       0.0289601
17   A   E    0.0275211      0.894638       0.0778406
18   D   E    0.0423101      0.87681        0.0808794
19   P   E    0.0490278      0.874197       0.0767754
20   S   E    0.0402         0.927299       0.0325013
21   A   E    0.0117168      0.965518       0.022765
22   N   E    0.0139903      0.969949       0.016061
23   I   E    0.0138167      0.957302       0.0288811
24   S   E    0.0204012      0.955143       0.0244563
25   D   E    0.0136498      0.970999       0.0153517
26   L   E    0.00880327     0.976824       0.0143727
27   K   E    0.017805       0.945188       0.0370068
28   Q   E    0.0221276      0.87823        0.0996426
29   K   E    0.0196132      0.91832        0.0620665
30   Y   E    0.0129844      0.964085       0.0229305
31   Q   E    0.0271514      0.961851       0.0109975
32   K   E    0.10775        0.881345       0.0109047
33   L   E    0.0637778      0.929121       0.00710075
34   I   E    0.0336937      0.959727       0.0065798
35   L   E    0.0340119      0.949434       0.0165537
36   M   E    0.019238       0.953893       0.0268692
37   Y   E    0.00215296     0.984766       0.013081
38   H   E    2.59392e-06    0.998346       0.00165146
39   P   E    5.07068e-07    0.99945        0.000549112
40   D   E    1.6719e-06     0.999612       0.0003861
41   K   E    0.00630592     0.991987       0.00170728
42   Q   E    0.0736597      0.915477       0.010863
43   S   E    0.291757       0.676005       0.0322381
44   T   E    0.379658       0.584873       0.0354695
45   D   E    0.277563       0.677884       0.0445535
46   V   E    0.321515       0.626646       0.051839
47   P   E    0.303854       0.635794       0.0603518
48   A   E    0.282803       0.66406        0.0531364
49   G   E    0.228881       0.739258       0.031861
50   T   E    0.165963       0.798087       0.0359497
51   V   E    0.106906       0.832815       0.0602786
52   E   E    0.0769479      0.819633       0.103419
53   E   E    0.0997892      0.783389       0.116822
54   C   E    0.122133       0.734659       0.143207
55   V   E    0.139387       0.662359       0.198254
56   Q   E    0.0828051      0.831013       0.0861824
57   K   E    0.0881282      0.870655       0.0412173
58   F   E    0.0663743      0.904658       0.028968
59   I   E    0.122305       0.837352       0.0403423
60   E   C    0.481226       0.426498       0.0922758
END
