Secondary Structure Prediction Output (Part of REGAd3p ASA Prediction)
TARGET: O00273-1, Length: 60

SR#  AA  SSp  pCoil          pBeta          pHelix
1    M   C    0.585467       0.364127       0.0504054
2    E   E    0.253673       0.720645       0.0256817
3    V   E    0.210108       0.746773       0.0431192
4    T   E    0.205049       0.72474        0.0702109
5    G   E    0.280909       0.605054       0.114037
6    D   E    0.342133       0.539505       0.118362
7    A   E    0.280138       0.632552       0.0873094
8    G   E    0.301096       0.648375       0.0505292
9    V   E    0.314937       0.633943       0.0511206
10   P   E    0.16777        0.784684       0.0475457
11   E   E    0.111719       0.839772       0.0485092
12   S   E    0.164333       0.783682       0.0519851
13   G   E    0.189452       0.740172       0.0703765
14   E   E    0.142858       0.793226       0.0639162
15   I   E    0.152042       0.777781       0.0701767
16   R   E    0.182708       0.749844       0.0674477
17   T   E    0.211912       0.712108       0.0759802
18   L   E    0.133026       0.793628       0.0733459
19   K   E    0.0925302      0.872218       0.0352521
20   P   E    0.0446235      0.92351        0.0318662
21   C   E    0.0136054      0.971064       0.015331
22   L   E    0.020279       0.954925       0.0247963
23   L   E    0.0236465      0.832922       0.143432
24   R   E    0.033644       0.701931       0.264425
25   R   H    0.0712641      0.29269        0.636046
26   N   H    0.103004       0.183157       0.713839
27   Y   H    0.18119        0.249129       0.569681
28   S   C    0.431606       0.241142       0.327252
29   R   C    0.394515       0.289696       0.315789
30   E   E    0.272617       0.417962       0.309421
31   Q   E    0.134771       0.634837       0.230392
32   H   E    0.0425435      0.835227       0.122229
33   G   E    0.0156311      0.950278       0.0340911
34   V   E    0.00491336     0.968063       0.0270234
35   A   E    0.00382209     0.972844       0.023334
36   A   E    0.00782988     0.939208       0.0529621
37   S   E    0.0135292      0.946186       0.0402847
38   C   E    0.0212011      0.929807       0.0489922
39   L   E    0.042176       0.865124       0.0926998
40   E   E    0.0850132      0.846814       0.0681729
41   D   E    0.162681       0.764556       0.0727624
42   L   E    0.15753        0.729233       0.113236
43   R   E    0.179396       0.71424        0.106364
44   S   E    0.217073       0.592291       0.190636
45   K   E    0.189093       0.574072       0.236836
46   A   E    0.0999818      0.675111       0.224907
47   C   E    0.116357       0.709084       0.174559
48   D   E    0.12994        0.777591       0.0924686
49   I   E    0.130013       0.80712        0.0628675
50   L   E    0.0859548      0.859766       0.0542797
51   A   E    0.101952       0.836245       0.0618031
52   I   E    0.0897607      0.821167       0.0890725
53   D   E    0.112185       0.801903       0.085912
54   K   E    0.144587       0.766016       0.0893969
55   S   E    0.182447       0.762404       0.0551497
56   L   E    0.215676       0.736028       0.0482965
57   T   E    0.243471       0.726267       0.0302613
58   P   E    0.245726       0.716369       0.037905
59   V   E    0.246721       0.711684       0.0415953
60   T   E    0.357442       0.592856       0.0497024
END
