Secondary Structure Prediction Output (Part of REGAd3p ASA Prediction)
TARGET: Q9Y6C2-1, Length: 60

SR#  AA  SSp  pCoil          pBeta          pHelix
1    M   C    0.504242       0.354239       0.141519
2    A   E    0.401018       0.528691       0.0702905
3    P   E    0.433984       0.488844       0.0771713
4    R   E    0.285178       0.666782       0.0480401
5    T   E    0.21193        0.750868       0.0372014
6    L   E    0.140628       0.82182        0.0375519
7    W   E    0.0664811      0.913031       0.0204882
8    S   E    0.114478       0.846011       0.0395109
9    C   E    0.122068       0.822914       0.0550178
10   Y   E    0.13276        0.819112       0.0481281
11   L   E    0.12977        0.784871       0.0853589
12   C   E    0.16638        0.709038       0.124582
13   C   E    0.183869       0.711536       0.104595
14   L   E    0.196644       0.70616        0.0971951
15   L   E    0.149324       0.744641       0.106035
16   T   E    0.156223       0.678845       0.164932
17   A   E    0.202669       0.531688       0.265643
18   A   E    0.224545       0.502665       0.27279
19   A   E    0.301621       0.469215       0.229165
20   G   E    0.34316        0.50127        0.15557
21   A   E    0.269847       0.627654       0.102499
22   A   E    0.188154       0.778596       0.0332502
23   S   E    0.189218       0.782943       0.0278383
24   Y   E    0.198171       0.774689       0.0271399
25   P   E    0.246902       0.72362        0.0294786
26   P   E    0.289324       0.671719       0.0389576
27   R   E    0.250737       0.715364       0.0338984
28   G   E    0.173804       0.800001       0.0261951
29   F   E    0.0707023      0.915558       0.0137392
30   S   E    0.0859502      0.902789       0.011261
31   L   E    0.0697682      0.910733       0.0194986
32   Y   E    0.0489912      0.933642       0.0173672
33   T   E    0.0429129      0.941943       0.0151445
34   G   E    0.0835601      0.89429        0.0221497
35   S   E    0.134          0.841391       0.0246093
36   S   E    0.270965       0.683944       0.045091
37   G   E    0.42874        0.523329       0.0479302
38   A   C    0.551168       0.408673       0.0401595
39   L   E    0.454437       0.488041       0.0575218
40   S   E    0.405377       0.555459       0.0391641
41   P   E    0.404978       0.525142       0.0698796
42   G   E    0.407082       0.543256       0.0496624
43   G   E    0.425311       0.489276       0.0854134
44   P   E    0.361113       0.460736       0.178151
45   Q   E    0.215342       0.555938       0.22872
46   A   E    0.160868       0.477577       0.361555
47   Q   E    0.138274       0.582726       0.279
48   I   E    0.118584       0.608767       0.272649
49   A   E    0.202197       0.601272       0.196531
50   P   E    0.151761       0.722597       0.125642
51   R   E    0.144512       0.756871       0.0986178
52   P   E    0.121729       0.737779       0.140492
53   A   E    0.0957032      0.781819       0.122478
54   S   E    0.070245       0.80172        0.128035
55   R   E    0.0632057      0.833382       0.103413
56   H   E    0.0366092      0.862842       0.100549
57   R   E    0.0322069      0.920421       0.0473724
58   N   E    0.0435862      0.903352       0.0530622
59   W   E    0.0138364      0.948981       0.0371822
60   C   E    0.0337832      0.929331       0.0368854
END
