Secondary Structure Prediction Output (Part of REGAd3p ASA Prediction)
TARGET: P30273, Length: 60

SR#  AA  SSp  pCoil          pBeta          pHelix
1    M   C    0.521746       0.342324       0.13593
2    I   E    0.222011       0.665423       0.112565
3    P   E    0.15639        0.717256       0.126354
4    A   E    0.0812932      0.808786       0.109921
5    V   E    0.0342932      0.907177       0.0585295
6    V   E    0.0262642      0.918291       0.0554449
7    L   E    0.0493885      0.863329       0.0872828
8    L   E    0.111239       0.759713       0.129047
9    L   E    0.159933       0.681045       0.159021
10   L   E    0.185685       0.621152       0.193162
11   L   E    0.136172       0.514854       0.348974
12   L   H    0.129294       0.423619       0.447087
13   V   H    0.0581274      0.30051        0.641363
14   E   H    0.0628526      0.257487       0.67966
15   Q   H    0.0772373      0.394056       0.528707
16   A   E    0.122906       0.493997       0.383098
17   A   E    0.141039       0.53288        0.326081
18   A   E    0.192992       0.502386       0.304622
19   L   E    0.200135       0.430754       0.36911
20   G   H    0.271964       0.353628       0.374408
21   E   E    0.300578       0.439764       0.259658
22   P   E    0.227999       0.594243       0.177758
23   Q   E    0.228348       0.609678       0.161974
24   L   E    0.0725599      0.694327       0.233113
25   C   E    0.0219935      0.874101       0.103906
26   Y   E    0.0130151      0.915893       0.0710915
27   I   E    0.0187134      0.895718       0.0855687
28   L   E    0.0421757      0.814085       0.143739
29   D   E    0.0757581      0.72949        0.194752
30   A   E    0.101712       0.723494       0.174794
31   I   E    0.091382       0.784765       0.123853
32   L   E    0.0668347      0.79843        0.134736
33   F   E    0.0851296      0.737546       0.177324
34   L   E    0.0813012      0.726245       0.192454
35   Y   E    0.0582106      0.828898       0.112891
36   G   E    0.0600322      0.86806        0.0719076
37   I   E    0.0827887      0.858211       0.0590006
38   V   E    0.0594523      0.887459       0.0530883
39   L   E    0.086391       0.839555       0.0740543
40   T   E    0.104807       0.817102       0.0780909
41   L   E    0.102134       0.81148        0.0863865
42   L   E    0.07699        0.807975       0.115035
43   Y   E    0.0656073      0.76951        0.164883
44   C   E    0.084051       0.616203       0.299746
45   R   E    0.22574        0.505096       0.269165
46   L   E    0.207982       0.559691       0.232327
47   K   E    0.248683       0.585149       0.166168
48   I   E    0.142039       0.610862       0.247099
49   Q   E    0.151535       0.638041       0.210424
50   V   E    0.153059       0.639112       0.207829
51   R   E    0.153362       0.640779       0.20586
52   K   E    0.119767       0.759378       0.120855
53   A   E    0.119906       0.797547       0.082547
54   A   E    0.0930279      0.84622        0.0607526
55   I   E    0.0939428      0.842993       0.0630645
56   T   E    0.105498       0.81717        0.0773321
57   S   E    0.186294       0.716437       0.097269
58   Y   E    0.226648       0.661458       0.111894
59   E   E    0.354123       0.554937       0.0909407
60   K   C    0.621714       0.290532       0.087754
END
