Secondary Structure Prediction Output (Part of REGAd3p ASA Prediction)
TARGET: Q9NZ94-1, Length: 60

SR#  AA  SSp  pCoil          pBeta          pHelix
1    M   C    0.504552       0.394391       0.101057
2    W   E    0.175201       0.78043        0.0443691
3    L   E    0.190684       0.749932       0.0593844
4    R   E    0.221281       0.725874       0.0528442
5    L   E    0.283817       0.665193       0.0509899
6    G   E    0.425671       0.555349       0.0189803
7    P   E    0.43066        0.556556       0.0127839
8    P   E    0.390757       0.599646       0.00959765
9    S   E    0.317358       0.673031       0.00961078
10   L   E    0.291595       0.695928       0.0124772
11   S   E    0.392259       0.594903       0.012838
12   L   E    0.351218       0.637197       0.011585
13   S   E    0.485217       0.507094       0.00768878
14   P   E    0.423039       0.569226       0.00773505
15   K   E    0.394618       0.597517       0.00786523
16   P   E    0.279647       0.702168       0.0181851
17   T   E    0.264075       0.711354       0.0245709
18   V   E    0.208718       0.744532       0.0467506
19   G   E    0.201313       0.751485       0.0472015
20   R   E    0.255609       0.694821       0.04957
21   S   E    0.340954       0.616995       0.0420513
22   L   E    0.337686       0.588935       0.0733793
23   C   E    0.236246       0.725657       0.0380973
24   L   E    0.267307       0.668465       0.0642282
25   T   E    0.198693       0.715157       0.08615
26   L   E    0.0644788      0.819957       0.115564
27   W   E    0.0326076      0.879875       0.0875177
28   F   E    0.0411796      0.88666        0.0721609
29   L   E    0.14814        0.696189       0.155671
30   S   E    0.222423       0.601935       0.175642
31   L   E    0.182679       0.598037       0.219284
32   A   E    0.228458       0.623999       0.147543
33   L   E    0.158556       0.700896       0.140549
34   R   E    0.152437       0.761871       0.0856926
35   A   E    0.200068       0.717342       0.0825898
36   S   E    0.298247       0.644991       0.0567623
37   T   E    0.321252       0.629104       0.0496439
38   Q   E    0.329757       0.640199       0.0300446
39   A   E    0.473796       0.500622       0.025582
40   P   E    0.341273       0.641429       0.0172976
41   A   E    0.206396       0.781081       0.0125231
42   P   E    0.107723       0.882415       0.00986239
43   T   E    0.0811633      0.90577        0.013067
44   V   E    0.05504        0.921274       0.0236856
45   N   E    0.127226       0.781982       0.0907919
46   T   E    0.109099       0.703894       0.187007
47   H   E    0.0960514      0.769613       0.134336
48   F   E    0.077403       0.792639       0.129958
49   G   E    0.125388       0.802483       0.0721297
50   K   E    0.170402       0.770423       0.0591754
51   L   E    0.122128       0.793219       0.0846524
52   R   E    0.144734       0.807864       0.0474018
53   G   E    0.209647       0.739364       0.0509885
54   A   E    0.112996       0.858124       0.0288804
55   R   E    0.109081       0.876677       0.0142419
56   V   E    0.132687       0.855417       0.0118953
57   P   E    0.219793       0.765981       0.0142256
58   L   E    0.23162        0.751638       0.0167416
59   P   E    0.405917       0.576741       0.0173418
60   S   C    0.651045       0.316604       0.0323504
END
