Secondary Structure Prediction Output (Part of REGAd3p ASA Prediction)
TARGET: Q9NQB0-1, Length: 60

SR#  AA  SSp  pCoil          pBeta          pHelix
1    M   C    0.75798        0.188529       0.0534907
2    P   E    0.446108       0.487405       0.0664866
3    Q   E    0.373836       0.492653       0.133512
4    L   E    0.154858       0.504933       0.340209
5    N   E    0.151815       0.443223       0.404962
6    G   H    0.114374       0.335021       0.550605
7    G   H    0.139591       0.393045       0.467364
8    G   H    0.12424        0.373066       0.502694
9    G   H    0.206531       0.258407       0.535062
10   D   H    0.206861       0.283537       0.509602
11   D   E    0.225487       0.402238       0.372276
12   L   H    0.148026       0.417854       0.43412
13   G   H    0.210253       0.366621       0.423126
14   A   H    0.160321       0.419387       0.420292
15   N   E    0.268675       0.392344       0.338981
16   D   E    0.196785       0.559559       0.243656
17   E   E    0.170514       0.686411       0.143074
18   L   E    0.0896812      0.773013       0.137306
19   I   E    0.0496217      0.838792       0.111587
20   S   E    0.0587241      0.815188       0.126088
21   F   E    0.04871        0.807541       0.143749
22   K   E    0.0602228      0.813077       0.1267
23   D   E    0.0810548      0.760928       0.158017
24   E   E    0.0938987      0.764324       0.141778
25   G   E    0.127012       0.77968        0.0933079
26   E   E    0.115471       0.808452       0.0760766
27   Q   E    0.120668       0.80742        0.0719116
28   E   E    0.138331       0.803293       0.0583759
29   E   E    0.109294       0.845672       0.0450347
30   K   E    0.130737       0.826639       0.0426238
31   S   E    0.109694       0.844951       0.0453548
32   S   E    0.129266       0.772184       0.0985496
33   E   E    0.136265       0.749704       0.11403
34   N   E    0.166284       0.676833       0.156884
35   S   E    0.165439       0.615248       0.219313
36   S   E    0.143509       0.621172       0.235319
37   A   E    0.114796       0.604505       0.280699
38   E   E    0.121078       0.673524       0.205398
39   R   E    0.180817       0.670084       0.149099
40   D   E    0.187237       0.702631       0.110132
41   L   E    0.0992621      0.797453       0.103285
42   A   E    0.0984944      0.841833       0.0596726
43   D   E    0.102859       0.854704       0.0424369
44   V   E    0.111232       0.850656       0.0381118
45   K   E    0.122342       0.849256       0.028402
46   S   E    0.164699       0.80039        0.0349111
47   S   E    0.160666       0.816112       0.0232214
48   L   E    0.104246       0.868988       0.0267658
49   V   E    0.0920906      0.881716       0.0261932
50   N   E    0.119805       0.850737       0.0294584
51   E   E    0.167948       0.787996       0.0440566
52   S   E    0.112826       0.856801       0.0303726
53   E   E    0.111089       0.858663       0.0302473
54   T   E    0.147949       0.805181       0.0468695
55   N   E    0.23089        0.671305       0.0978046
56   Q   E    0.208323       0.676929       0.114748
57   N   E    0.30785        0.603393       0.0887568
58   S   E    0.391633       0.546721       0.0616462
59   S   C    0.541845       0.407646       0.0505083
60   S   C    0.71716        0.215758       0.0670824
END
