Secondary Structure Prediction Output (Part of REGAd3p ASA Prediction)
TARGET: P06132, Length: 60

SR#  AA  SSp  pCoil          pBeta          pHelix
1    M   C    0.610845       0.302439       0.0867161
2    E   E    0.405304       0.526346       0.0683502
3    A   E    0.421509       0.508062       0.0704287
4    N   E    0.415604       0.539862       0.0445338
5    G   E    0.420284       0.542569       0.037147
6    L   E    0.458854       0.503936       0.03721
7    G   C    0.535855       0.434555       0.0295896
8    P   E    0.444353       0.489185       0.0664616
9    Q   E    0.175919       0.784345       0.039736
10   G   E    0.0816749      0.905282       0.0130433
11   F   E    0.0212974      0.974667       0.00403601
12   P   E    0.0224907      0.973619       0.0038899
13   E   E    0.0388817      0.955464       0.00565467
14   L   E    0.0701078      0.918079       0.011813
15   K   E    0.141246       0.836744       0.0220099
16   N   E    0.161525       0.805637       0.0328376
17   D   E    0.120293       0.851305       0.0284023
18   T   E    0.0771956      0.882353       0.0404514
19   F   E    0.0347138      0.917551       0.0477357
20   L   E    0.03371        0.852333       0.113957
21   R   E    0.0318504      0.864554       0.103596
22   A   E    0.0138812      0.877727       0.108392
23   A   E    0.0101948      0.948931       0.0408743
24   W   E    0.0143555      0.965742       0.0199024
25   G   E    0.0417919      0.94018        0.0180277
26   E   E    0.0565903      0.92609        0.01732
27   E   E    0.0574334      0.930287       0.0122795
28   T   E    0.0581913      0.930335       0.0114735
29   D   E    0.0437237      0.949189       0.00708739
30   Y   E    0.0319048      0.961676       0.0064196
31   T   E    0.0130922      0.980191       0.00671638
32   P   E    0.00475972     0.991562       0.00367828
33   V   E    0.00125756     0.995304       0.00343886
34   W   E    1.61797e-05    0.995724       0.00425999
35   C   E    0.00135122     0.988364       0.010285
36   M   E    0.00675961     0.950257       0.0429838
37   R   E    0.0248464      0.873548       0.101606
38   Q   E    0.041541       0.870575       0.0878839
39   A   E    0.0415303      0.900584       0.0578856
40   G   E    0.0366657      0.924336       0.0389987
41   R   E    0.0285079      0.953412       0.0180797
42   Y   E    0.0125057      0.977002       0.0104923
43   L   E    0.0207556      0.953886       0.0253579
44   P   E    0.011031       0.96812        0.0208495
45   E   E    0.00824544     0.966251       0.0255034
46   F   E    0.0139117      0.944149       0.0419389
47   R   E    0.0294651      0.907456       0.0630787
48   E   E    0.0637649      0.822157       0.114079
49   T   E    0.0723183      0.787963       0.139718
50   R   E    0.102314       0.793738       0.103948
51   A   E    0.171602       0.639636       0.188762
52   A   E    0.120265       0.690933       0.188801
53   Q   E    0.0575471      0.822567       0.119886
54   D   E    0.018798       0.93618        0.0450222
55   F   E    0.00313033     0.987342       0.00952815
56   F   E    0.00157146     0.990577       0.00785155
57   S   E    0.00550366     0.970212       0.0242843
58   T   E    0.00994001     0.928562       0.061498
59   C   E    0.0165586      0.901373       0.0820688
60   R   E    0.201421       0.675682       0.122897
END
