Secondary Structure Prediction Output (Part of REGAd3p ASA Prediction)
TARGET: Q08209-1, Length: 60

SR#  AA  SSp  pCoil          pBeta          pHelix
1    M   C    0.741844       0.184308       0.0738473
2    S   C    0.509767       0.428176       0.0620577
3    E   E    0.41989        0.505613       0.0744978
4    P   E    0.279877       0.648865       0.0712576
5    K   E    0.186493       0.742535       0.0709725
6    A   E    0.128992       0.790588       0.0804203
7    I   E    0.111946       0.827611       0.0604433
8    D   E    0.14676        0.809972       0.0432682
9    P   E    0.268267       0.687345       0.0443872
10   K   E    0.339039       0.619779       0.0411815
11   L   E    0.213552       0.748774       0.0376742
12   S   E    0.238779       0.731968       0.0292527
13   T   E    0.23618        0.719927       0.0438932
14   T   E    0.185594       0.762346       0.0520605
15   D   E    0.126318       0.828403       0.0452789
16   R   E    0.136847       0.837774       0.0253795
17   V   E    0.119145       0.858069       0.0227857
18   V   E    0.0636035      0.918501       0.0178952
19   K   E    0.0795159      0.903081       0.0174033
20   A   E    0.0886866      0.892624       0.0186892
21   V   E    0.071481       0.911687       0.0168318
22   P   E    0.0574615      0.931001       0.0115374
23   F   E    0.06068        0.926262       0.0130576
24   P   E    0.155003       0.825939       0.019058
25   P   E    0.284772       0.670422       0.0448057
26   S   E    0.38831        0.542302       0.0693883
27   H   E    0.312165       0.629591       0.0582436
28   R   E    0.346887       0.612816       0.0402975
29   L   E    0.250369       0.683813       0.0658183
30   T   E    0.216702       0.727802       0.0554955
31   A   E    0.205258       0.724411       0.0703302
32   K   E    0.177907       0.758693       0.0633997
33   E   E    0.0831072      0.877576       0.0393173
34   V   E    0.0385113      0.930893       0.0305959
35   F   E    0.0345227      0.90346        0.0620173
36   D   E    0.058452       0.831992       0.109556
37   N   E    0.131572       0.613348       0.255079
38   D   E    0.199568       0.500288       0.300144
39   G   E    0.324519       0.520552       0.15493
40   K   E    0.432584       0.499295       0.0681211
41   P   E    0.262545       0.657247       0.0802081
42   R   E    0.223559       0.698171       0.07827
43   V   E    0.107715       0.811132       0.0811533
44   D   E    0.0885676      0.854282       0.05715
45   I   E    0.0776515      0.826435       0.0959137
46   L   E    0.0996245      0.770244       0.130132
47   K   E    0.14598        0.663649       0.190371
48   A   E    0.27203        0.500852       0.227119
49   H   E    0.198949       0.640645       0.160407
50   L   E    0.108583       0.739207       0.15221
51   M   E    0.111992       0.676107       0.211901
52   K   E    0.131881       0.617219       0.250899
53   E   E    0.115777       0.686568       0.197655
54   G   E    0.120131       0.769654       0.110216
55   R   E    0.139271       0.791638       0.0690903
56   L   E    0.0727212      0.849312       0.0779667
57   E   E    0.0869916      0.860019       0.0529898
58   E   E    0.131115       0.825758       0.0431265
59   S   E    0.236235       0.73539        0.0283751
60   V   E    0.321041       0.620749       0.0582094
END
