Secondary Structure Prediction Output (Part of REGAd3p ASA Prediction)
TARGET: O15350-1, Length: 60

SR#  AA  SSp  pCoil          pBeta          pHelix
1    M   C    0.554788       0.365605       0.079607
2    A   E    0.317861       0.617709       0.06443
3    Q   E    0.259393       0.677985       0.0626219
4    S   E    0.211862       0.735041       0.0530967
5    T   E    0.168643       0.790766       0.040591
6    A   E    0.146621       0.819338       0.0340409
7    T   E    0.177533       0.788263       0.0342044
8    S   E    0.201813       0.745051       0.0531364
9    P   E    0.261621       0.659355       0.0790243
10   D   E    0.206654       0.705201       0.0881443
11   G   E    0.209584       0.732317       0.0580995
12   G   E    0.181226       0.770533       0.0482409
13   T   E    0.0920591      0.879643       0.0282977
14   T   E    0.0391716      0.944725       0.0161037
15   F   E    0.02816        0.952206       0.0196337
16   E   E    0.0489893      0.929888       0.0211224
17   H   E    0.057977       0.924921       0.0171024
18   L   E    0.0289745      0.96104        0.0099858
19   W   E    0.0265481      0.967859       0.00559296
20   S   E    0.0691347      0.925067       0.00579841
21   S   E    0.129708       0.859291       0.0110011
22   L   E    0.0763138      0.912475       0.0112109
23   E   E    0.0718759      0.918534       0.00959004
24   P   E    0.103957       0.883792       0.0122513
25   D   E    0.102401       0.887909       0.00968932
26   S   E    0.0797383      0.907266       0.0129954
27   T   E    0.0647942      0.918435       0.0167708
28   Y   E    0.0317277      0.950865       0.0174073
29   F   E    0.0238549      0.962144       0.014001
30   D   E    0.0418214      0.93896        0.0192191
31   L   E    0.0861085      0.874788       0.0391035
32   P   E    0.0953275      0.861319       0.0433533
33   Q   E    0.125903       0.820586       0.053511
34   S   E    0.210501       0.718745       0.0707532
35   S   E    0.23171        0.680895       0.0873947
36   R   E    0.186945       0.729985       0.0830702
37   G   E    0.233934       0.701421       0.0646454
38   N   E    0.280838       0.67178        0.0473821
39   N   E    0.205014       0.751669       0.043317
40   E   E    0.136356       0.834447       0.0291973
41   V   E    0.0842395      0.892691       0.0230694
42   V   E    0.152053       0.814435       0.0335122
43   G   E    0.221157       0.717739       0.061104
44   G   E    0.261553       0.697427       0.0410193
45   T   E    0.161248       0.811182       0.0275698
46   D   E    0.146848       0.812433       0.0407186
47   S   E    0.0959534      0.860744       0.0433026
48   S   E    0.110409       0.83704        0.052551
49   M   E    0.0503967      0.891165       0.0584383
50   D   E    0.0500781      0.914034       0.0358882
51   V   E    0.0306268      0.933448       0.0359249
52   F   E    0.0356116      0.930658       0.0337305
53   H   E    0.0689668      0.88998        0.0410534
54   L   E    0.127348       0.784741       0.0879102
55   E   E    0.190953       0.74785        0.0611975
56   G   E    0.208803       0.738628       0.0525694
57   M   E    0.14219        0.816407       0.0414025
58   T   E    0.189048       0.774261       0.0366907
59   T   E    0.325877       0.617931       0.0561923
60   S   C    0.557917       0.381688       0.0603952
END
