Secondary Structure Prediction Output (Part of REGAd3p ASA Prediction)
TARGET: Q8N4Q1-1, Length: 60

SR#  AA  SSp  pCoil          pBeta          pHelix
1    M   E    0.367548       0.444579       0.187874
2    S   E    0.126809       0.776323       0.0968683
3    Y   E    0.0578476      0.790232       0.15192
4    C   E    0.0403567      0.76674        0.192903
5    R   E    0.0886198      0.687942       0.223438
6    Q   E    0.0959899      0.715388       0.188623
7    E   E    0.0779774      0.81052        0.111502
8    G   E    0.0890694      0.839383       0.0715477
9    K   E    0.0918002      0.866182       0.0420182
10   D   E    0.0603349      0.915553       0.024112
11   R   E    0.0324815      0.955078       0.0124402
12   I   E    0.00827952     0.984967       0.00675338
13   I   E    0.00296477     0.993708       0.00332766
14   F   E    0.00319907     0.993032       0.00376934
15   V   E    0.00396533     0.989656       0.00637866
16   T   E    0.00997565     0.973594       0.0164302
17   K   E    0.0149577      0.959164       0.0258781
18   E   E    0.0203099      0.957637       0.0220534
19   D   E    0.0384953      0.943612       0.0178923
20   H   E    0.0640218      0.909821       0.026157
21   E   E    0.0850515      0.887667       0.0272812
22   T   E    0.106744       0.875996       0.01726
23   P   E    0.104958       0.87234        0.0227021
24   S   E    0.0849953      0.888334       0.0266705
25   S   E    0.103946       0.860061       0.0359937
26   A   E    0.0774045      0.884646       0.0379492
27   E   E    0.0686855      0.91127        0.0200445
28   L   E    0.0854088      0.887322       0.0272691
29   V   E    0.0832738      0.883627       0.0330993
30   A   E    0.0768943      0.863148       0.0599575
31   D   E    0.100325       0.838641       0.0610338
32   D   E    0.122952       0.816466       0.0605821
33   P   E    0.19737        0.688805       0.113825
34   N   E    0.214012       0.625678       0.16031
35   D   E    0.167049       0.719118       0.113832
36   P   E    0.16961        0.687959       0.142431
37   Y   E    0.140463       0.667406       0.192131
38   E   E    0.0817532      0.755996       0.162251
39   E   E    0.0899028      0.811478       0.0986192
40   H   E    0.112674       0.839263       0.048063
41   G   E    0.0988583      0.88683        0.0143112
42   L   E    0.0887526      0.898978       0.0122689
43   I   E    0.0710844      0.916144       0.0127716
44   L   E    0.148431       0.812932       0.0386367
45   P   E    0.148174       0.799017       0.0528093
46   N   E    0.0963999      0.856632       0.046968
47   G   E    0.0996978      0.865827       0.0344756
48   N   E    0.0635574      0.912299       0.0241434
49   I   E    0.0236903      0.960318       0.0159919
50   N   E    0.0298774      0.937174       0.0329488
51   W   E    0.00894261     0.956796       0.0342616
52   N   E    0.0148844      0.951516       0.0335998
53   C   E    0.00819318     0.948677       0.0431301
54   P   E    0.00617205     0.95043        0.0433977
55   C   E    0.003771       0.94835        0.0478788
56   L   E    0.00990399     0.86001        0.130086
57   G   E    0.0287217      0.744463       0.226815
58   G   E    0.106803       0.666971       0.226225
59   M   E    0.139474       0.608613       0.251913
60   A   E    0.351209       0.359287       0.289504
END
