Secondary Structure Prediction Output (Part of REGAd3p ASA Prediction)
TARGET: P17677-1, Length: 60

SR#  AA  SSp  pCoil          pBeta          pHelix
1    M   C    0.551408       0.34707        0.101523
2    L   E    0.278949       0.63172        0.0893315
3    C   E    0.271405       0.632344       0.0962519
4    C   E    0.176187       0.706169       0.117643
5    M   E    0.209967       0.628867       0.161166
6    R   E    0.310901       0.505598       0.1835
7    R   C    0.515218       0.328197       0.156585
8    T   C    0.703975       0.153455       0.14257
9    K   C    0.793373       0.0757262      0.130901
10   Q   C    0.666895       0.088477       0.244628
11   V   C    0.673005       0.0802337      0.246762
12   E   C    0.688734       0.0597426      0.251524
13   K   C    0.710918       0.0525448      0.236538
14   N   C    0.66439        0.0358684      0.299742
15   D   C    0.531627       0.023398       0.444975
16   D   H    0.3555         0.0257527      0.618747
17   D   H    0.397865       0.0332334      0.568901
18   Q   H    0.444288       0.0746009      0.481111
19   K   H    0.398777       0.128711       0.472511
20   I   H    0.230055       0.152175       0.61777
21   E   H    0.240256       0.136642       0.623103
22   Q   H    0.391577       0.127077       0.481346
23   D   C    0.757367       0.0599291      0.182704
24   G   C    0.845373       0.0399411      0.114686
25   I   C    0.864077       0.0453565      0.0905662
26   K   C    0.884411       0.046709       0.0688803
27   P   C    0.706955       0.0362156      0.256829
28   E   C    0.59148        0.0243659      0.384154
29   D   C    0.547918       0.0231659      0.428916
30   K   H    0.437173       0.0141075      0.548719
31   A   H    0.479712       0.0223689      0.497919
32   H   C    0.582899       0.0386071      0.378494
33   K   C    0.525112       0.0488417      0.426046
34   A   H    0.464786       0.0632568      0.471957
35   A   C    0.503449       0.0733074      0.423243
36   T   C    0.481393       0.11584        0.402768
37   K   H    0.361559       0.114594       0.523848
38   I   H    0.251012       0.0936454      0.655343
39   Q   H    0.351383       0.083557       0.56506
40   A   H    0.375616       0.0700287      0.554356
41   S   C    0.53199        0.0799529      0.388058
42   F   C    0.445993       0.110645       0.443363
43   R   C    0.583472       0.149975       0.266553
44   G   C    0.680961       0.16314        0.1559
45   H   C    0.54575        0.256846       0.197404
46   I   C    0.408136       0.392796       0.199068
47   T   C    0.416555       0.338376       0.245068
48   R   C    0.465577       0.225588       0.308835
49   K   C    0.429677       0.251634       0.318689
50   K   C    0.545272       0.21776        0.236968
51   L   C    0.721488       0.12368        0.154831
52   K   C    0.851352       0.0614951      0.0871526
53   G   C    0.848843       0.0467127      0.104444
54   E   C    0.774256       0.0605835      0.16516
55   K   C    0.72346        0.0884558      0.188084
56   K   C    0.660657       0.0820752      0.257268
57   D   C    0.704482       0.067068       0.22845
58   D   C    0.738083       0.0617602      0.200157
59   V   C    0.751216       0.0613168      0.187467
60   Q   C    0.731078       0.0383639      0.230558
END
