Secondary Structure Prediction Output (Part of REGAd3p ASA Prediction)
TARGET: P37840-1, Length: 60

SR#  AA  SSp  pCoil          pBeta          pHelix
1    M   C    0.774091       0.0873751      0.138534
2    D   C    0.604309       0.180956       0.214735
3    V   H    0.252659       0.265827       0.481513
4    F   H    0.151382       0.422932       0.425686
5    M   H    0.173563       0.375811       0.450626
6    K   C    0.366589       0.267698       0.365713
7    G   C    0.492502       0.19539        0.312108
8    L   C    0.455992       0.204008       0.34
9    S   C    0.402757       0.335575       0.261668
10   K   H    0.265648       0.309364       0.424988
11   A   H    0.364211       0.165753       0.470036
12   K   H    0.335315       0.125736       0.538949
13   E   H    0.368728       0.103309       0.527963
14   G   H    0.409809       0.107086       0.483105
15   V   H    0.172908       0.307242       0.51985
16   V   E    0.0526443      0.506674       0.440681
17   A   H    0.0578659      0.259988       0.682146
18   A   H    0.0627147      0.0991328      0.838153
19   A   H    0.0686273      0.0387459      0.892627
20   E   H    0.129652       0.0320694      0.838279
21   K   H    0.263654       0.0502327      0.686114
22   T   H    0.337471       0.0341148      0.628415
23   K   H    0.251587       0.0244695      0.723943
24   Q   H    0.284124       0.0382806      0.677595
25   G   H    0.412718       0.0541087      0.533173
26   V   H    0.167274       0.0797433      0.752983
27   A   H    0.0682644      0.0855907      0.846145
28   E   H    0.0636196      0.0585289      0.877852
29   A   H    0.0966994      0.0482323      0.855068
30   A   H    0.186844       0.0374039      0.775752
31   G   H    0.363742       0.0781084      0.558149
32   K   C    0.56792        0.153222       0.278858
33   T   C    0.672798       0.140955       0.186247
34   K   C    0.602922       0.129933       0.267145
35   E   C    0.47072        0.224148       0.305132
36   G   C    0.403541       0.395853       0.200605
37   V   E    0.122426       0.796695       0.0808786
38   L   E    0.0313048      0.943768       0.024927
39   Y   E    0.0355812      0.947048       0.0173707
40   V   E    0.126927       0.838274       0.0347989
41   G   E    0.42683        0.513335       0.0598354
42   S   C    0.568829       0.36582        0.0653514
43   K   E    0.448535       0.494954       0.0565112
44   T   C    0.56192        0.365101       0.0729789
45   K   C    0.540152       0.343201       0.116647
46   E   C    0.54998        0.305162       0.144858
47   G   C    0.582849       0.320573       0.0965779
48   V   E    0.338016       0.58573        0.0762541
49   V   E    0.156457       0.802112       0.0414313
50   H   E    0.228718       0.712043       0.0592388
51   G   E    0.294826       0.619961       0.0852136
52   V   E    0.182396       0.659725       0.157879
53   A   E    0.122281       0.723822       0.153898
54   T   E    0.0966908      0.717407       0.185902
55   V   E    0.0831293      0.51054        0.40633
56   A   H    0.144168       0.235156       0.620676
57   E   H    0.243542       0.18557        0.570889
58   K   C    0.437399       0.164733       0.397868
59   T   C    0.702277       0.0972124      0.200511
60   K   C    0.749935       0.0634427      0.186623
END
