Secondary Structure Prediction Output (Part of REGAd3p ASA Prediction)
TARGET: Q99967-1, Length: 60

SR#  AA  SSp  pCoil          pBeta          pHelix
1    M   C    0.376192       0.312604       0.311203
2    A   E    0.154057       0.606408       0.239535
3    D   E    0.111514       0.699263       0.189222
4    H   E    0.0483453      0.853518       0.0981367
5    M   E    0.0316764      0.87163        0.0966938
6    M   E    0.0270913      0.864055       0.108854
7    A   E    0.0421601      0.783845       0.173995
8    M   E    0.0592175      0.608374       0.332408
9    N   H    0.124633       0.294064       0.581303
10   H   H    0.111481       0.2521         0.636419
11   G   H    0.176103       0.355812       0.468085
12   R   H    0.244563       0.328281       0.427156
13   F   E    0.208046       0.401886       0.390068
14   P   H    0.237576       0.33088        0.431544
15   D   H    0.213938       0.256989       0.529073
16   G   H    0.232603       0.344628       0.422769
17   T   H    0.230469       0.236115       0.533416
18   N   H    0.185844       0.233389       0.580767
19   G   H    0.233248       0.227503       0.539249
20   L   H    0.212318       0.224551       0.563131
21   H   H    0.261112       0.272585       0.466303
22   H   H    0.310309       0.230632       0.459059
23   H   C    0.35221        0.301267       0.346523
24   P   E    0.288543       0.368828       0.342628
25   A   H    0.287656       0.324286       0.388058
26   H   E    0.182901       0.473757       0.343342
27   R   E    0.193332       0.579433       0.227235
28   M   E    0.141378       0.596443       0.262179
29   G   E    0.178709       0.56067        0.260621
30   M   H    0.154243       0.409523       0.436234
31   G   H    0.277176       0.350161       0.372663
32   Q   H    0.280421       0.310728       0.408851
33   F   H    0.261051       0.351744       0.387205
34   P   E    0.269973       0.379437       0.35059
35   S   C    0.343626       0.314417       0.341957
36   P   H    0.257598       0.354091       0.388312
37   H   H    0.19726        0.298388       0.504352
38   H   H    0.165565       0.340073       0.494362
39   H   H    0.182299       0.337439       0.480262
40   Q   H    0.253197       0.315128       0.431675
41   Q   E    0.221974       0.476853       0.301173
42   Q   E    0.333998       0.50387        0.162132
43   Q   C    0.481687       0.411375       0.106938
44   P   C    0.481742       0.36766        0.150598
45   Q   E    0.327385       0.487871       0.184745
46   H   E    0.200237       0.613898       0.185865
47   A   E    0.202722       0.570346       0.226932
48   F   E    0.171908       0.53665        0.291442
49   N   E    0.229709       0.449817       0.320474
50   A   H    0.172032       0.339679       0.488289
51   L   H    0.130509       0.381955       0.487535
52   M   H    0.113319       0.286386       0.600295
53   G   H    0.182044       0.230023       0.587933
54   E   H    0.209856       0.311729       0.478414
55   H   H    0.154235       0.421874       0.423891
56   I   E    0.0851201      0.476657       0.438222
57   H   E    0.0769559      0.599762       0.323282
58   Y   E    0.0693914      0.710414       0.220194
59   G   E    0.18113        0.668803       0.150066
60   A   C    0.492225       0.350729       0.157047
END
