Secondary Structure Prediction Output (Part of REGAd3p ASA Prediction)
TARGET: P0DMM9-1, Length: 60

SR#  AA  SSp  pCoil          pBeta          pHelix
1    M   C    0.509791       0.446497       0.0437121
2    E   E    0.266836       0.710928       0.0222359
3    L   E    0.260983       0.686604       0.0524129
4    I   E    0.119102       0.825866       0.0550314
5    Q   E    0.0801858      0.886992       0.0328219
6    D   E    0.134358       0.838128       0.0275141
7    T   E    0.213572       0.748462       0.0379659
8    S   E    0.233083       0.730601       0.0363161
9    R   E    0.335864       0.647293       0.016843
10   P   E    0.266824       0.72451        0.00866562
11   P   E    0.127912       0.866351       0.00573763
12   L   E    0.0539151      0.936819       0.00926539
13   E   E    0.041312       0.949465       0.00922286
14   Y   E    0.029707       0.961265       0.00902792
15   V   E    0.0235464      0.966978       0.00947519
16   K   E    0.0130603      0.982278       0.00466124
17   G   E    0.0265524      0.968006       0.00544132
18   V   E    0.036337       0.959461       0.0042024
19   P   E    0.0456803      0.948495       0.00582487
20   L   E    0.0484377      0.937984       0.0135784
21   I   E    0.0377687      0.943256       0.0189752
22   K   E    0.025602       0.946992       0.0274055
23   Y   E    0.0169824      0.954815       0.0282022
24   F   E    0.00948374     0.974005       0.0165112
25   A   E    0.0264121      0.932423       0.0411653
26   E   E    0.0526094      0.861597       0.0857935
27   A   E    0.097715       0.84083        0.0614548
28   L   E    0.097387       0.838024       0.0645893
29   G   E    0.139529       0.82462        0.0358506
30   P   E    0.194198       0.759122       0.0466796
31   L   E    0.0715899      0.847461       0.0809492
32   Q   E    0.0295906      0.933424       0.0369857
33   S   E    0.0529926      0.88883        0.0581773
34   F   E    0.0382073      0.903785       0.0580075
35   Q   E    0.0249283      0.947002       0.0280696
36   A   E    0.0468541      0.923087       0.0300588
37   R   E    0.0603181      0.919374       0.0203075
38   P   E    0.0389746      0.946386       0.0146389
39   D   E    0.034153       0.958118       0.00772912
40   D   E    0.0327057      0.96144        0.00585377
41   L   E    0.031648       0.960243       0.00810892
42   L   E    0.0198692      0.970561       0.00957
43   I   E    0.0127418      0.971926       0.0153326
44   N   E    0.0164581      0.966423       0.0171192
45   T   E    0.0148439      0.973671       0.0114848
46   Y   E    0.0163055      0.972725       0.0109693
47   P   E    0.023344       0.964479       0.0121772
48   K   E    0.0282622      0.961312       0.0104263
49   S   E    0.0227792      0.966888       0.0103331
50   G   E    0.014631       0.976939       0.00843002
51   T   E    0.00839697     0.986233       0.00536967
52   T   E    0.00332394     0.992819       0.00385729
53   W   E    0.00232416     0.993918       0.00375769
54   V   E    0.00553478     0.98686        0.00760545
55   S   E    0.00990947     0.977118       0.0129726
56   Q   E    0.00668988     0.987741       0.00556867
57   I   E    0.00691036     0.988808       0.00428194
58   L   E    0.0158808      0.97458        0.00953965
59   D   E    0.0760051      0.900751       0.0232435
60   M   E    0.273494       0.630993       0.0955129
END
