Secondary Structure Prediction Output (Part of REGAd3p ASA Prediction)
TARGET: P10912-1, Length: 60

SR#  AA  SSp  pCoil          pBeta          pHelix
1    M   C    0.600797       0.217019       0.182184
2    D   E    0.433265       0.455623       0.111113
3    L   E    0.207933       0.617436       0.174631
4    W   E    0.0907027      0.848773       0.0605245
5    Q   E    0.12213        0.844737       0.033133
6    L   E    0.22039        0.740918       0.0386912
7    L   E    0.134041       0.836549       0.0294095
8    L   E    0.0969511      0.868607       0.0344416
9    T   E    0.136755       0.829742       0.0335031
10   L   E    0.0711562      0.890738       0.0381063
11   A   E    0.0542067      0.914928       0.030865
12   L   E    0.0459751      0.900777       0.0532481
13   A   E    0.0638052      0.854412       0.081783
14   G   E    0.0973704      0.763744       0.138885
15   S   E    0.14221        0.705173       0.152617
16   S   E    0.180577       0.617376       0.202046
17   D   E    0.183223       0.554489       0.262288
18   A   E    0.127349       0.611719       0.260933
19   F   E    0.0692345      0.8037         0.127065
20   S   E    0.130084       0.727255       0.142661
21   G   E    0.220626       0.597764       0.18161
22   S   E    0.207267       0.596938       0.195795
23   E   E    0.114672       0.776659       0.108669
24   A   E    0.128069       0.803554       0.0683767
25   T   E    0.123412       0.809133       0.0674554
26   A   E    0.0945637      0.798495       0.106942
27   A   E    0.150011       0.723532       0.126457
28   I   E    0.189782       0.686146       0.124071
29   L   E    0.273042       0.59065        0.136308
30   S   E    0.318833       0.541055       0.140112
31   R   E    0.263905       0.633774       0.102321
32   A   E    0.291121       0.639402       0.0694772
33   P   E    0.243553       0.712689       0.0437583
34   W   E    0.183596       0.786564       0.0298407
35   S   E    0.269573       0.70533        0.0250969
36   L   E    0.267865       0.705112       0.0270232
37   Q   E    0.221125       0.767907       0.0109677
38   S   E    0.332455       0.660512       0.00703367
39   V   E    0.227584       0.765884       0.00653214
40   N   E    0.272263       0.721467       0.0062702
41   P   E    0.305885       0.684609       0.00950588
42   G   E    0.263714       0.728323       0.00796304
43   L   E    0.236654       0.751116       0.0122309
44   K   E    0.193256       0.794094       0.0126499
45   T   E    0.185372       0.798061       0.0165671
46   N   E    0.325049       0.654291       0.02066
47   S   E    0.302292       0.671392       0.0263159
48   S   E    0.25869        0.710489       0.0308219
49   K   E    0.233897       0.740602       0.0255013
50   E   E    0.221139       0.764006       0.0148541
51   P   E    0.102148       0.884408       0.0134439
52   K   E    0.0466175      0.945868       0.00751424
53   F   E    0.0275334      0.963996       0.0084709
54   T   E    0.0405205      0.945721       0.0137589
55   K   E    0.0388185      0.940318       0.0208635
56   C   E    0.0144793      0.973283       0.0122381
57   R   E    0.0264664      0.965797       0.00773617
58   S   E    0.101724       0.890916       0.00735936
59   P   E    0.139836       0.854599       0.00556481
60   E   E    0.267685       0.719682       0.0126324
END
