Secondary Structure Prediction Output (Part of REGAd3p ASA Prediction)
TARGET: P61328-1, Length: 60

SR#  AA  SSp  pCoil          pBeta          pHelix
1    M   C    0.507342       0.18203        0.310628
2    A   E    0.286069       0.459054       0.254878
3    A   E    0.162482       0.639155       0.198363
4    A   E    0.10127        0.741273       0.157456
5    I   E    0.0520088      0.757996       0.189995
6    A   E    0.0609046      0.731766       0.207329
7    S   E    0.085408       0.725047       0.189545
8    S   E    0.0927985      0.722821       0.18438
9    L   E    0.0664299      0.696118       0.237452
10   I   E    0.0626027      0.554754       0.382644
11   R   H    0.116167       0.396845       0.486987
12   Q   H    0.165856       0.363669       0.470475
13   K   E    0.195052       0.46131        0.343638
14   R   E    0.174999       0.620471       0.20453
15   Q   E    0.123507       0.759899       0.116594
16   A   E    0.133139       0.749473       0.117388
17   R   E    0.119326       0.812706       0.067968
18   E   E    0.150457       0.773264       0.0762791
19   S   E    0.28041        0.649354       0.0702359
20   N   E    0.376347       0.4927         0.130953
21   S   E    0.248243       0.548375       0.203382
22   D   E    0.166121       0.664971       0.168908
23   R   E    0.153137       0.709059       0.137805
24   V   E    0.146665       0.719294       0.134042
25   S   E    0.102358       0.748033       0.149609
26   A   E    0.125727       0.599873       0.2744
27   S   E    0.157189       0.573675       0.269136
28   K   E    0.221759       0.475407       0.302834
29   R   E    0.233548       0.525135       0.241317
30   R   E    0.2218         0.609633       0.168567
31   S   E    0.21899        0.668438       0.112572
32   S   E    0.157466       0.76214        0.0803939
33   P   E    0.158963       0.744494       0.096543
34   S   E    0.19489        0.66683        0.138281
35   K   E    0.246002       0.570965       0.183033
36   D   E    0.24946        0.472839       0.277702
37   G   E    0.294651       0.423435       0.281914
38   R   E    0.281594       0.492448       0.225958
39   S   E    0.236951       0.596876       0.166173
40   L   E    0.138815       0.568561       0.292624
41   C   E    0.0878767      0.683581       0.228542
42   E   E    0.164785       0.677553       0.157663
43   R   E    0.27898        0.63288        0.0881393
44   H   E    0.268387       0.690522       0.0410903
45   V   E    0.159004       0.807746       0.0332499
46   L   E    0.157759       0.79692        0.0453212
47   G   E    0.191289       0.759154       0.0495572
48   V   E    0.102459       0.839363       0.0581785
49   F   E    0.0447877      0.916009       0.0392028
50   S   E    0.0704713      0.884845       0.0446833
51   K   E    0.122332       0.826126       0.0515419
52   V   E    0.0762003      0.866867       0.0569327
53   R   E    0.0565697      0.886192       0.0572387
54   F   E    0.0233091      0.871889       0.104802
55   C   E    0.0231677      0.848165       0.128667
56   S   E    0.0805733      0.65489        0.264536
57   G   E    0.257943       0.477385       0.264672
58   R   C    0.503885       0.332715       0.163401
59   K   C    0.675437       0.218748       0.105815
60   R   C    0.835565       0.0839639      0.0804713
END
