Secondary Structure Prediction Output (Part of REGAd3p ASA Prediction)
TARGET: P19429, Length: 60

SR#  AA  SSp  pCoil          pBeta          pHelix
1    M   C    0.545603       0.187186       0.267211
2    A   C    0.419564       0.339603       0.240833
3    D   C    0.387255       0.297722       0.315022
4    G   H    0.304477       0.338041       0.357482
5    S   H    0.212424       0.23592        0.551656
6    S   H    0.138612       0.192564       0.668824
7    D   H    0.0962052      0.14428        0.759514
8    A   H    0.0850456      0.144987       0.769968
9    A   H    0.117297       0.20815        0.674553
10   R   H    0.189031       0.280449       0.53052
11   E   E    0.345413       0.387481       0.267106
12   P   C    0.399326       0.395961       0.204713
13   R   C    0.464134       0.411673       0.124193
14   P   E    0.335294       0.546732       0.117975
15   A   E    0.26326        0.633958       0.102782
16   P   E    0.16996        0.747958       0.0820819
17   A   E    0.196229       0.69686        0.106911
18   P   E    0.171449       0.653929       0.174623
19   I   E    0.185531       0.575223       0.239245
20   R   E    0.295621       0.430078       0.274302
21   R   E    0.378513       0.399307       0.222179
22   R   C    0.451369       0.391088       0.157544
23   S   C    0.521435       0.309043       0.169523
24   S   C    0.482103       0.358905       0.158992
25   N   C    0.403707       0.338311       0.257982
26   Y   E    0.244098       0.476498       0.279404
27   R   E    0.200181       0.517939       0.28188
28   A   E    0.146298       0.653291       0.200411
29   Y   E    0.0963655      0.79386        0.109774
30   A   E    0.0845595      0.834773       0.0806678
31   T   E    0.106198       0.832672       0.0611301
32   E   E    0.148836       0.797397       0.0537671
33   P   E    0.153007       0.766514       0.0804797
34   H   E    0.124677       0.783407       0.0919154
35   A   E    0.15283        0.745889       0.101282
36   K   E    0.16722        0.763144       0.0696366
37   K   E    0.133151       0.810065       0.0567843
38   K   E    0.110535       0.826192       0.0632731
39   S   E    0.048491       0.91848        0.0330293
40   K   E    0.0270127      0.95203        0.0209574
41   I   E    0.014295       0.959258       0.0264467
42   S   E    0.0184343      0.950596       0.03097
43   A   E    0.0278138      0.905009       0.0671774
44   S   E    0.0485704      0.884617       0.066813
45   R   E    0.130289       0.807921       0.0617903
46   K   E    0.265706       0.697692       0.0366025
47   L   E    0.297282       0.634773       0.067945
48   Q   E    0.215202       0.738262       0.0465354
49   L   E    0.132123       0.817279       0.0505984
50   K   E    0.103368       0.875716       0.0209159
51   T   E    0.0745021      0.905049       0.0204494
52   L   E    0.0432203      0.932603       0.0241764
53   L   E    0.0369451      0.920189       0.0428655
54   L   E    0.0379446      0.82384        0.138215
55   Q   E    0.0704373      0.729106       0.200456
56   I   E    0.0587096      0.789443       0.151848
57   A   E    0.0616427      0.824586       0.113771
58   K   E    0.10676        0.790844       0.102397
59   Q   E    0.233984       0.658304       0.107712
60   E   C    0.467011       0.38709        0.145899
END
