Secondary Structure Prediction Output (Part of REGAd3p ASA Prediction)
TARGET: P05387, Length: 60

SR#  AA  SSp  pCoil          pBeta          pHelix
1    M   C    0.510774       0.233827       0.255398
2    R   E    0.244841       0.633151       0.122008
3    Y   E    0.10317        0.782305       0.114525
4    V   E    0.0282584      0.874428       0.097314
5    A   E    0.0299788      0.889249       0.080772
6    S   E    0.0262547      0.935635       0.0381108
7    Y   E    0.0171207      0.964589       0.0182907
8    L   E    0.0222212      0.954974       0.0228044
9    L   E    0.0458105      0.889645       0.064545
10   A   E    0.0506007      0.825515       0.123885
11   A   E    0.060671       0.781381       0.157948
12   L   E    0.0332824      0.786582       0.180136
13   G   E    0.0411741      0.862391       0.0964346
14   G   E    0.0859826      0.816747       0.0972707
15   N   E    0.117966       0.741889       0.140145
16   S   E    0.0993104      0.751169       0.149521
17   S   E    0.0945257      0.808071       0.0974029
18   P   E    0.05885        0.838983       0.102167
19   S   E    0.0373807      0.894421       0.0681987
20   A   E    0.036084       0.871824       0.0920919
21   K   E    0.0545056      0.867838       0.0776563
22   D   E    0.0623455      0.884474       0.0531806
23   I   E    0.0427542      0.906662       0.0505842
24   K   E    0.060927       0.882975       0.0560977
25   K   E    0.0574587      0.893821       0.0487207
26   I   E    0.0335971      0.916987       0.049416
27   L   E    0.0246867      0.877716       0.0975976
28   D   E    0.0313709      0.794875       0.173754
29   S   E    0.0221682      0.7992         0.178632
30   V   E    0.010441       0.874232       0.115327
31   G   E    0.0101332      0.911602       0.0782644
32   I   E    0.00856143     0.912546       0.078893
33   E   E    0.00840777     0.917128       0.0744643
34   A   E    0.0237581      0.797923       0.178319
35   D   E    0.0406161      0.832938       0.126446
36   D   E    0.0766781      0.799259       0.124062
37   D   E    0.102489       0.790449       0.107063
38   R   E    0.164973       0.780754       0.0542725
39   L   E    0.143691       0.804839       0.0514703
40   N   E    0.218002       0.742536       0.039462
41   K   E    0.163312       0.80381        0.0328786
42   V   E    0.0518159      0.924574       0.0236106
43   I   E    0.0254305      0.95165        0.0229199
44   S   E    0.0265714      0.949433       0.023996
45   E   E    0.0272345      0.947388       0.0253776
46   L   E    0.0328357      0.912303       0.0548618
47   N   E    0.0774249      0.839664       0.0829115
48   G   E    0.143091       0.705963       0.150947
49   K   E    0.138417       0.794371       0.0672113
50   N   E    0.0924856      0.86948        0.0380344
51   I   E    0.0445905      0.902081       0.0533289
52   E   E    0.0398732      0.915227       0.0448997
53   D   E    0.0218249      0.948108       0.0300671
54   V   E    0.0060189      0.962472       0.0315093
55   I   E    0.00297085     0.943696       0.0533328
56   A   E    0.00693792     0.844878       0.148185
57   Q   E    0.0203418      0.764442       0.215216
58   G   E    0.087622       0.754667       0.157711
59   I   E    0.308606       0.523475       0.167919
60   G   C    0.623371       0.232585       0.144044
END
