Secondary Structure Prediction Output (Part of REGAd3p ASA Prediction)
TARGET: P07602-1, Length: 60

SR#  AA  SSp  pCoil          pBeta          pHelix
1    M   C    0.628861       0.269129       0.10201
2    Y   E    0.327217       0.593018       0.0797645
3    A   E    0.224208       0.721539       0.0542528
4    L   E    0.144314       0.810504       0.0451814
5    F   E    0.0796252      0.895365       0.0250094
6    L   E    0.137149       0.813226       0.0496253
7    L   E    0.179155       0.757605       0.0632405
8    A   E    0.155738       0.767308       0.0769537
9    S   E    0.153828       0.767246       0.0789262
10   L   E    0.106839       0.803637       0.089524
11   L   E    0.0888882      0.764896       0.146216
12   G   E    0.11166        0.772178       0.116162
13   A   E    0.130588       0.790467       0.078945
14   A   E    0.119985       0.831225       0.0487899
15   L   E    0.119058       0.842196       0.0387459
16   A   E    0.159074       0.810994       0.0299323
17   G   E    0.202622       0.779523       0.0178553
18   P   E    0.191988       0.794901       0.0131114
19   V   E    0.112418       0.879124       0.00845853
20   L   E    0.154572       0.825929       0.0194985
21   G   E    0.194353       0.786279       0.0193676
22   L   E    0.182792       0.78779        0.0294175
23   K   E    0.114238       0.849105       0.0366574
24   E   E    0.0468984      0.914763       0.0383384
25   C   E    0.0221004      0.959118       0.0187818
26   T   E    0.0135362      0.974216       0.0122474
27   R   E    0.0335532      0.953267       0.01318
28   G   E    0.0743604      0.910442       0.0151977
29   S   E    0.0583963      0.92504        0.0165636
30   A   E    0.0399686      0.945408       0.014623
31   V   E    0.0177594      0.971599       0.0106418
32   W   E    0.0051416      0.9857         0.00915829
33   C   E    0.00591448     0.980097       0.0139885
34   Q   E    0.0420698      0.940297       0.017633
35   N   E    0.173375       0.812426       0.0141994
36   V   E    0.211377       0.769327       0.0192966
37   K   E    0.156839       0.822173       0.0209881
38   T   E    0.0971986      0.887497       0.0153044
39   A   E    0.0729994      0.91266        0.0143406
40   S   E    0.0825287      0.890254       0.0272171
41   D   E    0.113053       0.811938       0.0750091
42   C   E    0.0478265      0.917459       0.0347146
43   G   E    0.116052       0.859257       0.024691
44   A   E    0.10456        0.875702       0.0197381
45   V   E    0.0628347      0.922628       0.0145372
46   K   E    0.0880907      0.888141       0.0237684
47   H   E    0.0630127      0.89669        0.0402972
48   C   E    0.0486626      0.936267       0.0150708
49   L   E    0.104379       0.884467       0.0111541
50   Q   E    0.117953       0.874178       0.00786925
51   T   E    0.135265       0.856493       0.00824205
52   V   E    0.062858       0.925994       0.011148
53   W   E    0.0311695      0.960848       0.007983
54   N   E    0.0789271      0.909064       0.0120088
55   K   E    0.0954793      0.896937       0.00758382
56   P   E    0.0346423      0.960724       0.00463342
57   T   E    0.0359304      0.959492       0.00457778
58   V   E    0.0473464      0.946291       0.0063621
59   K   E    0.122989       0.863445       0.0135655
60   S   E    0.297187       0.67237        0.0304429
END
