Secondary Structure Prediction Output (Part of REGAd3p ASA Prediction)
TARGET: P15382, Length: 60

SR#  AA  SSp  pCoil          pBeta          pHelix
1    M   C    0.663882       0.301545       0.0345723
2    I   E    0.433093       0.536888       0.0300184
3    L   E    0.312692       0.62384        0.0634672
4    S   E    0.209593       0.742968       0.0474386
5    N   E    0.271506       0.665543       0.0629512
6    T   E    0.245312       0.697908       0.0567799
7    T   E    0.17116        0.801954       0.026886
8    A   E    0.256111       0.71935        0.0245388
9    V   E    0.296615       0.67509        0.0282947
10   T   E    0.251798       0.726527       0.0216751
11   P   E    0.189788       0.787741       0.0224716
12   F   E    0.0945537      0.887381       0.0180652
13   L   E    0.061269       0.917953       0.0207783
14   T   E    0.11584        0.831242       0.052918
15   K   E    0.145879       0.774053       0.0800681
16   L   E    0.106342       0.804498       0.0891601
17   W   E    0.0866929      0.80453        0.108777
18   Q   E    0.176531       0.702243       0.121226
19   E   E    0.182514       0.709789       0.107697
20   T   E    0.129997       0.795591       0.0744124
21   V   E    0.0854541      0.767307       0.147239
22   Q   E    0.132964       0.676098       0.190939
23   Q   E    0.206045       0.608159       0.185796
24   G   E    0.262023       0.607504       0.130473
25   G   E    0.311031       0.544397       0.144573
26   N   E    0.300334       0.529617       0.170049
27   M   E    0.248557       0.57779        0.173652
28   S   E    0.262141       0.545506       0.192353
29   G   E    0.297996       0.444795       0.257209
30   L   E    0.257348       0.486324       0.256328
31   A   E    0.237259       0.543429       0.219312
32   R   E    0.314945       0.48505        0.200005
33   R   E    0.387848       0.457966       0.154186
34   S   E    0.416819       0.45751        0.12567
35   P   E    0.308966       0.468313       0.22272
36   R   E    0.290396       0.496734       0.21287
37   S   E    0.266293       0.486861       0.246846
38   S   E    0.232497       0.478283       0.28922
39   D   E    0.288134       0.431884       0.279982
40   G   E    0.342226       0.458089       0.199685
41   K   E    0.358936       0.489679       0.151385
42   L   E    0.276743       0.534848       0.188409
43   E   E    0.182219       0.675817       0.141963
44   A   E    0.136167       0.771278       0.0925553
45   L   E    0.0935038      0.830718       0.0757779
46   Y   E    0.0564292      0.896027       0.0475437
47   V   E    0.0594043      0.883502       0.0570935
48   L   E    0.0602008      0.843081       0.0967184
49   M   E    0.0560464      0.851769       0.0921848
50   V   E    0.076821       0.774316       0.148863
51   L   E    0.0607724      0.712306       0.226921
52   G   E    0.0782574      0.718011       0.203732
53   F   E    0.0426747      0.773553       0.183773
54   F   E    0.0228831      0.78119        0.195927
55   G   E    0.0389652      0.787828       0.173207
56   F   E    0.0250742      0.842421       0.132505
57   F   E    0.0174741      0.875573       0.106953
58   T   E    0.0692878      0.735138       0.195574
59   L   E    0.193736       0.495783       0.310481
60   G   C    0.448252       0.29911        0.252638
END
