Secondary Structure Prediction Output (Part of REGAd3p ASA Prediction)
TARGET: P05455, Length: 60

SR#  AA  SSp  pCoil          pBeta          pHelix
1    M   E    0.414881       0.48125        0.10387
2    A   E    0.12896        0.796193       0.0748473
3    E   E    0.114556       0.817166       0.0682787
4    N   E    0.172801       0.718688       0.10851
5    G   E    0.224062       0.575959       0.199979
6    D   E    0.193571       0.630187       0.176242
7    N   E    0.19746        0.619065       0.183475
8    E   E    0.177853       0.683007       0.13914
9    K   E    0.227157       0.641278       0.131565
10   M   E    0.175505       0.682364       0.142131
11   A   E    0.156515       0.768132       0.0753531
12   A   E    0.187926       0.76263        0.0494444
13   L   E    0.21434        0.713946       0.0717139
14   E   E    0.148404       0.767758       0.0838384
15   A   E    0.134095       0.798881       0.0670238
16   K   E    0.0805118      0.873028       0.0464606
17   I   E    0.0340021      0.907553       0.0584444
18   C   E    0.0425703      0.865269       0.0921602
19   H   E    0.0977685      0.769554       0.132677
20   Q   E    0.0333966      0.932607       0.0339968
21   I   E    0.00763553     0.980047       0.0123178
22   E   E    0.00281541     0.990102       0.00708211
23   Y   E    0.00144892     0.991124       0.00742696
24   Y   E    0.00108654     0.991019       0.00789419
25   F   E    0.00214367     0.96752        0.0303363
26   G   E    0.00827369     0.947204       0.0445219
27   D   E    0.0518669      0.850304       0.0978288
28   F   E    0.0632659      0.845255       0.0914795
29   N   E    0.124973       0.790047       0.0849799
30   L   E    0.143079       0.696715       0.160205
31   P   E    0.0969155      0.75504        0.148045
32   R   E    0.069416       0.746056       0.184528
33   D   E    0.0502848      0.895753       0.0539627
34   K   E    0.0252101      0.961762       0.0130278
35   F   E    0.0233274      0.964173       0.0124996
36   L   E    0.0320936      0.944868       0.023038
37   K   E    0.120149       0.817435       0.0624156
38   E   E    0.156767       0.723681       0.119552
39   Q   E    0.14938        0.780662       0.0699574
40   I   E    0.0782629      0.862341       0.0593957
41   K   E    0.120586       0.789157       0.0902569
42   L   E    0.108939       0.701637       0.189424
43   D   E    0.0680653      0.813201       0.118733
44   E   E    0.0354726      0.887055       0.0774726
45   G   E    0.0242052      0.952406       0.0233887
46   W   E    0.00464318     0.990938       0.00441849
47   V   E    0.00590812     0.991415       0.00267645
48   P   E    0.0168893      0.977939       0.00517198
49   L   E    0.0216086      0.966089       0.0123029
50   E   E    0.0315982      0.95605        0.0123514
51   I   E    0.0246348      0.960711       0.0146537
52   M   E    0.0167444      0.959036       0.0242197
53   I   E    0.0119406      0.944023       0.0440365
54   K   E    0.0131913      0.912727       0.0740818
55   F   E    0.0103782      0.888858       0.100764
56   N   E    0.0220014      0.898608       0.0793903
57   R   E    0.0893537      0.821081       0.0895656
58   L   E    0.170617       0.714086       0.115297
59   N   E    0.442471       0.44501        0.11252
60   R   C    0.708886       0.184279       0.106835
END
