Secondary Structure Prediction Output (Part of REGAd3p ASA Prediction)
TARGET: P61244-1, Length: 60

SR#  AA  SSp  pCoil          pBeta          pHelix
1    M   C    0.911358       0.0836206      0.00502132
2    S   C    0.92278        0.074113       0.00310663
3    D   C    0.960718       0.0319576      0.00732445
4    N   C    0.933496       0.0296562      0.0368475
5    D   C    0.891722       0.0434672      0.0648108
6    D   C    0.689324       0.143577       0.167099
7    I   C    0.397906       0.353764       0.248329
8    E   E    0.249454       0.541023       0.209522
9    V   E    0.216005       0.476251       0.307744
10   E   C    0.400864       0.238961       0.360175
11   S   C    0.547532       0.0873758      0.365092
12   D   C    0.568497       0.0215474      0.409955
13   E   H    0.474579       0.0143612      0.511059
14   E   C    0.522919       0.0174612      0.45962
15   Q   C    0.592614       0.0176422      0.389744
16   P   C    0.52687        0.0162073      0.456923
17   R   H    0.337567       0.0308223      0.631611
18   F   H    0.225067       0.0533303      0.721602
19   Q   H    0.21121        0.0700482      0.718742
20   S   H    0.22772        0.0514435      0.720837
21   A   H    0.119924       0.0230659      0.85701
22   A   H    0.115255       0.016453       0.868292
23   D   H    0.191795       0.0140351      0.79417
24   K   H    0.155092       0.0125109      0.832397
25   R   H    0.134185       0.0140506      0.851764
26   A   H    0.155308       0.0165042      0.828188
27   H   H    0.254922       0.0224674      0.722611
28   H   H    0.237968       0.0226981      0.739334
29   N   H    0.257054       0.0164592      0.726486
30   A   H    0.0616732      0.0131178      0.925209
31   L   H    0.0588406      0.0158178      0.925342
32   E   H    0.0776504      0.0215704      0.900779
33   R   H    0.102798       0.0303289      0.866873
34   K   H    0.31376        0.0696267      0.616613
35   R   H    0.441354       0.0957209      0.462925
36   R   H    0.408212       0.107315       0.484473
37   D   C    0.546311       0.117554       0.336135
38   H   C    0.532766       0.200516       0.266718
39   I   C    0.477916       0.247895       0.274189
40   K   C    0.436382       0.246405       0.317212
41   D   C    0.516829       0.196154       0.287017
42   S   C    0.547312       0.194264       0.258424
43   F   C    0.380442       0.307031       0.312527
44   H   E    0.363494       0.368188       0.268318
45   S   C    0.410843       0.396574       0.192583
46   L   C    0.440254       0.321704       0.238042
47   R   C    0.466061       0.311652       0.222288
48   D   C    0.62076        0.214755       0.164486
49   S   C    0.674533       0.233598       0.0918692
50   V   C    0.603749       0.320525       0.0757265
51   P   C    0.49665        0.247655       0.255695
52   S   H    0.293042       0.246952       0.460006
53   L   H    0.266395       0.126808       0.606797
54   Q   H    0.323366       0.0849075      0.591726
55   G   H    0.33559        0.0598734      0.604537
56   E   H    0.40144        0.0440354      0.554524
57   K   H    0.306353       0.0787989      0.614848
58   A   H    0.455221       0.062825       0.481954
59   S   C    0.716826       0.0553849      0.227789
60   R   C    0.695664       0.0446875      0.259649
END
