Secondary Structure Prediction Output (Part of REGAd3p ASA Prediction)
TARGET: P02686-1, Length: 60

SR#  AA  SSp  pCoil          pBeta          pHelix
1    M   C    0.400342       0.365436       0.234222
2    G   E    0.277039       0.551529       0.171432
3    N   E    0.284751       0.469308       0.245941
4    H   E    0.117449       0.543961       0.338591
5    A   E    0.0650993      0.492483       0.442417
6    G   E    0.0794852      0.492153       0.428361
7    K   E    0.0830489      0.567016       0.349935
8    R   E    0.0911989      0.669777       0.239024
9    E   E    0.14025        0.628252       0.231498
10   L   E    0.160714       0.563181       0.276105
11   N   E    0.160699       0.532161       0.30714
12   A   E    0.128234       0.483432       0.388334
13   E   E    0.120602       0.548739       0.330659
14   K   E    0.167262       0.532463       0.300276
15   A   E    0.225546       0.425456       0.348998
16   S   E    0.218092       0.500634       0.281274
17   T   E    0.187641       0.512078       0.300281
18   N   E    0.153042       0.467681       0.379278
19   S   E    0.121667       0.552452       0.325881
20   E   E    0.111831       0.529435       0.358734
21   T   E    0.127946       0.470623       0.401431
22   N   H    0.174306       0.407467       0.418227
23   R   H    0.218351       0.371569       0.41008
24   G   E    0.235042       0.41691        0.348048
25   E   E    0.168441       0.507334       0.324225
26   S   E    0.156079       0.627002       0.216918
27   E   E    0.136261       0.603864       0.259875
28   K   E    0.179477       0.526723       0.2938
29   K   E    0.242437       0.442531       0.315032
30   R   E    0.277646       0.406447       0.315907
31   N   E    0.358138       0.410499       0.231363
32   L   C    0.388186       0.352168       0.259646
33   G   C    0.411363       0.383335       0.205302
34   E   E    0.293929       0.502426       0.203644
35   L   E    0.21889        0.598243       0.182867
36   S   E    0.180962       0.701724       0.117314
37   R   E    0.176897       0.724649       0.0984537
38   T   E    0.107358       0.845272       0.0473696
39   T   E    0.128369       0.807352       0.0642786
40   S   E    0.123041       0.775818       0.101141
41   E   E    0.112842       0.738611       0.148547
42   D   E    0.136499       0.692949       0.170552
43   N   E    0.127334       0.594878       0.277787
44   E   E    0.0632477      0.704123       0.23263
45   V   E    0.0418993      0.749105       0.208996
46   F   E    0.0477054      0.632322       0.319973
47   G   E    0.0611409      0.591031       0.347828
48   E   E    0.0598554      0.594303       0.345841
49   A   E    0.0543809      0.702025       0.243594
50   D   E    0.0880164      0.711961       0.200022
51   A   E    0.143105       0.505997       0.350898
52   N   H    0.273497       0.339172       0.387332
53   Q   H    0.258005       0.280015       0.461979
54   N   E    0.318913       0.369973       0.311114
55   N   E    0.287133       0.41076        0.302107
56   G   E    0.228323       0.478086       0.293591
57   T   E    0.156485       0.594493       0.249022
58   S   E    0.209084       0.630173       0.160743
59   S   E    0.396867       0.449869       0.153264
60   Q   C    0.649779       0.23336        0.116861
END
