Secondary Structure Prediction Output (Part of REGAd3p ASA Prediction)
TARGET: Q14722-1, Length: 60

SR#  AA  SSp  pCoil          pBeta          pHelix
1    M   C    0.58875        0.152038       0.259213
2    L   H    0.271745       0.327646       0.400609
3    A   H    0.203947       0.292099       0.503954
4    A   H    0.1341         0.321283       0.544616
5    R   H    0.188204       0.314966       0.49683
6    T   H    0.155569       0.274087       0.570344
7    G   H    0.1374         0.280408       0.582192
8    A   H    0.0891986      0.354382       0.556419
9    A   H    0.0887955      0.349726       0.561478
10   G   H    0.105457       0.263644       0.630899
11   S   H    0.174309       0.301883       0.523808
12   Q   E    0.158305       0.444871       0.396824
13   I   E    0.14657        0.468168       0.385262
14   S   E    0.19175        0.433991       0.374259
15   E   H    0.180053       0.324671       0.495276
16   E   E    0.195301       0.412501       0.392198
17   N   E    0.237816       0.444251       0.317933
18   T   E    0.204122       0.477402       0.318476
19   K   E    0.246097       0.43359        0.320313
20   L   E    0.22087        0.391018       0.388112
21   R   E    0.301035       0.361386       0.337579
22   R   C    0.393119       0.312568       0.294313
23   Q   E    0.374947       0.432167       0.192886
24   S   E    0.358413       0.491622       0.149964
25   G   E    0.381816       0.507565       0.110619
26   F   E    0.244273       0.624992       0.130734
27   S   E    0.224153       0.657165       0.118682
28   V   E    0.123922       0.622024       0.254054
29   A   E    0.151915       0.591456       0.256629
30   G   E    0.212539       0.549859       0.237602
31   K   E    0.370606       0.452852       0.176542
32   D   C    0.44168        0.41252        0.1458
33   K   C    0.536833       0.362824       0.100343
34   S   C    0.580864       0.325465       0.0936718
35   P   C    0.556761       0.301955       0.141284
36   K   C    0.515182       0.336089       0.148729
37   K   E    0.357687       0.431009       0.211304
38   A   E    0.363839       0.401335       0.234826
39   S   E    0.315554       0.455678       0.228768
40   E   E    0.265431       0.498615       0.235953
41   N   E    0.332909       0.448121       0.21897
42   A   C    0.413555       0.385709       0.200737
43   K   C    0.429186       0.391155       0.179659
44   D   C    0.435695       0.405233       0.159072
45   S   C    0.458282       0.424197       0.11752
46   S   C    0.449109       0.425862       0.125028
47   L   E    0.342579       0.50273        0.154692
48   S   E    0.348647       0.551864       0.0994884
49   P   E    0.380214       0.506577       0.113208
50   S   E    0.438316       0.444546       0.117138
51   G   E    0.390085       0.43273        0.177185
52   E   E    0.27846        0.391774       0.329766
53   S   E    0.213062       0.394553       0.392385
54   Q   H    0.189876       0.375484       0.43464
55   L   H    0.167428       0.350867       0.481705
56   R   H    0.230427       0.378266       0.391307
57   A   H    0.221414       0.323646       0.45494
58   R   C    0.368951       0.350443       0.280606
59   Q   C    0.515807       0.29158        0.192613
60   L   C    0.617978       0.154729       0.227293
END
