Secondary Structure Prediction Output (Part of REGAd3p ASA Prediction)
TARGET: P05204, Length: 60

SR#  AA  SSp  pCoil          pBeta          pHelix
1    M   C    0.92499        0.0648449      0.0101649
2    P   C    0.850221       0.113621       0.0361585
3    K   C    0.729797       0.173232       0.0969708
4    R   C    0.497235       0.304378       0.198387
5    K   C    0.455567       0.218966       0.325467
6    A   H    0.420292       0.14381        0.435897
7    E   C    0.538984       0.05456        0.406456
8    G   C    0.542247       0.0418897      0.415863
9    D   C    0.623613       0.018157       0.35823
10   A   C    0.58143        0.0197378      0.398832
11   K   C    0.65317        0.0281171      0.318713
12   G   C    0.630156       0.0285455      0.341299
13   D   C    0.628664       0.0303757      0.340961
14   K   H    0.333264       0.0909462      0.57579
15   A   H    0.278723       0.16027        0.561007
16   K   H    0.297977       0.226513       0.475509
17   V   H    0.298992       0.241112       0.459896
18   K   H    0.393859       0.119284       0.486857
19   D   C    0.540148       0.0569654      0.402886
20   E   C    0.513226       0.0163496      0.470425
21   P   H    0.318365       0.0105666      0.671068
22   Q   H    0.255875       0.0163063      0.727819
23   R   H    0.227402       0.0210555      0.751543
24   R   H    0.265944       0.0335811      0.700475
25   S   H    0.223054       0.0390987      0.737847
26   A   H    0.187283       0.056889       0.755828
27   R   H    0.279092       0.132851       0.588057
28   L   H    0.3755         0.161809       0.462691
29   S   C    0.632048       0.12746        0.240492
30   A   C    0.708963       0.0921525      0.198884
31   K   C    0.888883       0.0604013      0.0507156
32   P   C    0.913588       0.035645       0.0507674
33   A   C    0.956352       0.0185026      0.0251458
34   P   C    0.967839       0.0122705      0.0198905
35   P   C    0.967327       0.0118337      0.0208389
36   K   C    0.962402       0.00921775     0.0283803
37   P   C    0.942992       0.00982899     0.0471787
38   E   C    0.937127       0.00950087     0.0533725
39   P   C    0.920228       0.0117733      0.0679991
40   K   C    0.921181       0.00982493     0.0689944
41   P   C    0.854023       0.0150843      0.130892
42   K   C    0.808419       0.0263719      0.165209
43   K   C    0.800023       0.0505073      0.14947
44   A   C    0.832169       0.0383989      0.129432
45   P   C    0.712656       0.047111       0.240233
46   A   C    0.561625       0.0710428      0.367333
47   K   C    0.581636       0.0728223      0.345541
48   K   C    0.596468       0.0611257      0.342407
49   G   C    0.631405       0.0517124      0.316883
50   E   C    0.611093       0.0566098      0.332297
51   K   C    0.656729       0.140422       0.20285
52   V   C    0.737726       0.0922322      0.170042
53   P   C    0.742468       0.0700257      0.187506
54   K   C    0.686861       0.0901442      0.222995
55   G   C    0.745525       0.0836867      0.170789
56   K   C    0.675596       0.0863925      0.238011
57   K   C    0.635111       0.138491       0.226398
58   G   C    0.711871       0.116269       0.171859
59   K   C    0.745114       0.133741       0.121145
60   A   C    0.760946       0.0963447      0.142709
END
