Secondary Structure Prediction Output (Part of REGAd3p ASA Prediction)
TARGET: O00204-1, Length: 60

SR#  AA  SSp  pCoil          pBeta          pHelix
1    M   C    0.68086        0.206684       0.112456
2    D   E    0.401254       0.53993        0.0588162
3    G   E    0.406281       0.550538       0.0431807
4    P   E    0.252752       0.687764       0.0594843
5    A   E    0.139565       0.803744       0.0566909
6    E   E    0.204656       0.746587       0.0487563
7    P   E    0.218704       0.714879       0.0664167
8    Q   E    0.199727       0.761853       0.0384199
9    I   E    0.282266       0.679886       0.0378479
10   P   E    0.44319        0.512745       0.044065
11   G   E    0.409117       0.535649       0.0552341
12   L   E    0.270108       0.659558       0.0703337
13   W   E    0.100869       0.862502       0.0366287
14   D   E    0.139595       0.828964       0.031441
15   T   E    0.219141       0.743695       0.0371638
16   Y   E    0.205136       0.755197       0.0396666
17   E   E    0.256094       0.692044       0.0518621
18   D   E    0.31513        0.635116       0.0497537
19   D   E    0.182295       0.779172       0.0385325
20   I   E    0.0920108      0.87732        0.0306691
21   S   E    0.0889313      0.882613       0.028456
22   E   E    0.17925        0.775124       0.0456253
23   I   E    0.184369       0.7687         0.0469306
24   S   E    0.239379       0.71477        0.0458511
25   Q   E    0.180385       0.778219       0.0413958
26   K   E    0.193145       0.775009       0.0318461
27   L   E    0.109432       0.864099       0.0264685
28   P   E    0.119614       0.839005       0.0413808
29   G   E    0.164808       0.766114       0.0690782
30   E   E    0.0795576      0.880547       0.0398954
31   Y   E    0.0231875      0.956919       0.0198939
32   F   E    0.0237245      0.95536        0.0209151
33   R   E    0.0318271      0.946124       0.0220488
34   Y   E    0.0198528      0.971088       0.0090596
35   K   E    0.0201832      0.975702       0.00411483
36   G   E    0.034372       0.96305        0.00257779
37   V   E    0.0155209      0.9831         0.00137882
38   P   E    0.0113315      0.987165       0.00150335
39   F   E    0.0081807      0.990023       0.00179609
40   P   E    0.0221488      0.974335       0.00351586
41   V   E    0.0649689      0.928736       0.00629509
42   G   E    0.160854       0.82627        0.0128756
43   L   E    0.143732       0.841123       0.0151448
44   Y   E    0.0623304      0.929173       0.00849665
45   S   E    0.0460086      0.947971       0.00602018
46   L   E    0.0644203      0.929168       0.00641138
47   E   E    0.022092       0.97593        0.00197806
48   S   E    0.0269209      0.971676       0.00140289
49   I   E    0.0236126      0.973835       0.00255199
50   S   E    0.0419824      0.954822       0.00319577
51   L   E    0.057872       0.934032       0.0080959
52   A   E    0.0754592      0.909408       0.015133
53   E   E    0.0730491      0.909568       0.0173831
54   N   E    0.0756887      0.911052       0.0132597
55   T   E    0.0352364      0.955432       0.00933139
56   Q   E    0.0208669      0.972165       0.00696782
57   D   E    0.0389206      0.950186       0.0108939
58   V   E    0.0597561      0.914189       0.026055
59   R   E    0.118609       0.847854       0.0335372
60   D   E    0.336844       0.599909       0.0632465
END
