Secondary Structure Prediction Output (Part of REGAd3p ASA Prediction)
TARGET: Q16143, Length: 60

SR#  AA  SSp  pCoil          pBeta          pHelix
1    M   C    0.781081       0.0977529      0.121166
2    D   C    0.577926       0.241844       0.18023
3    V   H    0.243165       0.370379       0.386456
4    F   E    0.144955       0.508309       0.346736
5    M   E    0.181514       0.417733       0.400753
6    K   C    0.367965       0.27585        0.356185
7    G   C    0.463086       0.208962       0.327952
8    L   C    0.421412       0.199821       0.378768
9    S   C    0.364882       0.329908       0.30521
10   M   H    0.240492       0.248332       0.511176
11   A   H    0.332132       0.131319       0.536549
12   K   H    0.300526       0.0965752      0.602899
13   E   H    0.3019         0.0973298      0.60077
14   G   H    0.332989       0.116077       0.550933
15   V   H    0.147669       0.318097       0.534234
16   V   E    0.0505188      0.524684       0.424797
17   A   H    0.0593222      0.345107       0.59557
18   A   H    0.0684683      0.148303       0.783229
19   A   H    0.083502       0.0612009      0.855297
20   E   H    0.164885       0.0477628      0.787353
21   K   H    0.301952       0.0646148      0.633434
22   T   H    0.410369       0.0465701      0.543061
23   K   H    0.317282       0.0327244      0.649993
24   Q   H    0.328779       0.0483737      0.622847
25   G   H    0.44319        0.0681021      0.488708
26   V   H    0.209364       0.10354        0.687095
27   T   H    0.0745523      0.124839       0.800608
28   E   H    0.0469798      0.0734445      0.879576
29   A   H    0.0603922      0.0511695      0.888438
30   A   H    0.096166       0.0374325      0.866401
31   E   H    0.178607       0.0712837      0.750109
32   K   H    0.419818       0.153076       0.427107
33   T   C    0.603689       0.123973       0.272338
34   K   C    0.539936       0.120282       0.339782
35   E   C    0.444317       0.203802       0.351881
36   G   C    0.401049       0.361645       0.237306
37   V   E    0.135304       0.751151       0.113545
38   L   E    0.0429313      0.912795       0.0442742
39   Y   E    0.0485235      0.920326       0.0311501
40   V   E    0.178256       0.750848       0.070896
41   G   C    0.506886       0.384695       0.108419
42   S   C    0.57676        0.287599       0.135641
43   K   E    0.431009       0.434514       0.134477
44   T   C    0.526214       0.300374       0.173412
45   R   C    0.465753       0.274206       0.260041
46   E   C    0.471245       0.260776       0.267978
47   G   C    0.509344       0.2959         0.194756
48   V   E    0.325674       0.503446       0.17088
49   V   E    0.189281       0.705229       0.10549
50   Q   E    0.276023       0.602267       0.121709
51   G   E    0.354077       0.481794       0.164129
52   V   E    0.235904       0.483309       0.280787
53   A   E    0.22016        0.505336       0.274504
54   S   E    0.243134       0.501517       0.255349
55   V   H    0.233049       0.332711       0.43424
56   A   H    0.216431       0.153515       0.630054
57   E   H    0.21053        0.18188        0.60759
58   K   H    0.313309       0.225976       0.460716
59   T   C    0.5901         0.147056       0.262844
60   K   C    0.66554        0.0949599      0.2395
END
