Secondary Structure Prediction Output (Part of REGAd3p ASA Prediction)
TARGET: Q16222-1, Length: 60

SR#  AA  SSp  pCoil          pBeta          pHelix
1    M   C    0.552728       0.376179       0.0710929
2    N   E    0.272267       0.691323       0.0364107
3    I   E    0.164217       0.768123       0.0676596
4    N   E    0.152862       0.792495       0.054643
5    D   E    0.252251       0.688329       0.0594206
6    L   E    0.28435        0.668761       0.0468887
7    K   E    0.306755       0.659568       0.033677
8    L   E    0.26688        0.690754       0.0423658
9    T   E    0.200963       0.776671       0.0223666
10   L   E    0.0928497      0.857761       0.049389
11   S   E    0.0644369      0.872778       0.0627847
12   K   E    0.0518626      0.883511       0.064626
13   A   E    0.0416493      0.890519       0.0678321
14   G   E    0.0332891      0.906756       0.0599547
15   Q   E    0.0422227      0.924371       0.0334059
16   E   E    0.0516162      0.917001       0.0313827
17   H   E    0.0562837      0.928652       0.015064
18   L   E    0.0639322      0.901265       0.0348025
19   L   E    0.0678233      0.844634       0.0875424
20   R   E    0.0336608      0.899978       0.0663607
21   F   E    0.0101876      0.945201       0.0446112
22   W   E    0.00647755     0.974377       0.0191451
23   N   E    0.0186765      0.963328       0.0179956
24   E   E    0.0486896      0.929507       0.0218035
25   L   E    0.0459213      0.905753       0.0483257
26   E   E    0.0435547      0.8886         0.0678448
27   E   E    0.0409938      0.864588       0.0944182
28   A   E    0.059799       0.840014       0.100187
29   Q   E    0.064116       0.871352       0.0645323
30   Q   E    0.155339       0.809433       0.0352285
31   V   E    0.28166        0.688453       0.0298868
32   E   E    0.244561       0.730256       0.0251828
33   L   E    0.154714       0.805376       0.0399107
34   Y   E    0.127582       0.806878       0.0655397
35   A   E    0.113288       0.813349       0.0733628
36   E   E    0.114071       0.843085       0.0428446
37   L   E    0.0718817      0.873445       0.0546738
38   Q   E    0.146002       0.789569       0.0644289
39   A   E    0.321479       0.570813       0.107708
40   M   E    0.216931       0.699416       0.0836532
41   N   E    0.110571       0.828209       0.0612203
42   F   E    0.0915029      0.82525        0.0832468
43   E   E    0.136617       0.768228       0.0951547
44   E   E    0.181718       0.69579        0.122492
45   L   E    0.138052       0.620315       0.241633
46   N   E    0.134531       0.505753       0.359716
47   F   E    0.0776599      0.518908       0.403432
48   F   E    0.0251707      0.721195       0.253634
49   F   E    0.022525       0.807256       0.170219
50   Q   E    0.0629924      0.840356       0.0966521
51   K   E    0.19834        0.662316       0.139344
52   A   E    0.130596       0.77754        0.0918641
53   I   E    0.0667722      0.867818       0.0654097
54   E   E    0.0997392      0.796496       0.103765
55   G   E    0.130049       0.718053       0.151898
56   F   E    0.0986793      0.738655       0.162666
57   N   E    0.221989       0.60975        0.168261
58   Q   E    0.408666       0.479887       0.111447
59   S   C    0.611953       0.325938       0.0621094
60   S   C    0.77702        0.161541       0.0614391
END
