Secondary Structure Prediction Output (Part of REGAd3p ASA Prediction)
TARGET: P42568-1, Length: 60

SR#  AA  SSp  pCoil          pBeta          pHelix
1    M   C    0.582081       0.326247       0.0916724
2    A   E    0.261891       0.686807       0.0513021
3    S   E    0.211889       0.736817       0.0512946
4    S   E    0.0714177      0.868698       0.0598838
5    C   E    0.0156286      0.96416        0.0202111
6    A   E    0.0223662      0.964509       0.0131244
7    V   E    0.0256464      0.956508       0.0178459
8    Q   E    0.0311689      0.957241       0.0115897
9    V   E    0.0390443      0.951196       0.00975943
10   K   E    0.0427678      0.950354       0.00687816
11   L   E    0.0284007      0.953502       0.0180977
12   E   E    0.0263831      0.950856       0.0227613
13   L   E    0.0174737      0.93247        0.0500565
14   G   E    0.026043       0.916476       0.0574813
15   H   E    0.0224149      0.934336       0.0432494
16   R   E    0.0394102      0.935339       0.0252512
17   A   E    0.086334       0.882564       0.0311022
18   Q   E    0.128709       0.854073       0.0172173
19   V   E    0.107856       0.870824       0.0213193
20   R   E    0.126484       0.855252       0.0182642
21   K   E    0.113777       0.872917       0.0133056
22   K   E    0.0861512      0.906652       0.00719721
23   P   E    0.030662       0.961036       0.00830183
24   T   E    0.0195044      0.972743       0.00775297
25   V   E    0.0170122      0.95991        0.0230777
26   E   E    0.0129352      0.949957       0.0371079
27   G   E    0.013036       0.953088       0.033876
28   F   E    0.0115341      0.955992       0.0324741
29   T   E    0.0146517      0.934709       0.050639
30   H   E    0.0235316      0.915069       0.0613997
31   D   E    0.0171132      0.940717       0.0421701
32   W   E    0.00612193     0.978172       0.0157059
33   M   E    0.00675706     0.981111       0.0121315
34   V   E    0.00706753     0.965771       0.0271613
35   F   E    0.0059975      0.968456       0.0255462
36   V   E    0.00732428     0.955841       0.0368349
37   R   E    0.0289881      0.913888       0.0571238
38   G   E    0.0593404      0.895689       0.0449702
39   P   E    0.0613655      0.906794       0.0318408
40   E   E    0.0422493      0.92611        0.0316404
41   H   E    0.0583312      0.89213        0.0495392
42   S   E    0.0601499      0.898566       0.0412842
43   N   E    0.0737494      0.88489        0.0413603
44   I   E    0.0406899      0.91583        0.0434799
45   Q   E    0.028583       0.956024       0.0153929
46   H   E    0.0159269      0.974329       0.00974455
47   F   E    0.00585762     0.991557       0.00258565
48   V   E    0.00643128     0.990953       0.00261581
49   E   E    0.0148563      0.979301       0.00584268
50   K   E    0.0224383      0.969534       0.00802745
51   V   E    0.0126286      0.978921       0.00845028
52   V   E    0.00682683     0.985297       0.00787615
53   F   E    0.00649892     0.986726       0.00677459
54   H   E    0.0203134      0.96831        0.0113769
55   L   E    0.0397868      0.929366       0.0308468
56   H   E    0.026482       0.948351       0.0251668
57   E   E    0.0237291      0.957172       0.0190984
58   S   E    0.0310018      0.958857       0.0101413
59   F   E    0.0264425      0.967386       0.00617157
60   P   E    0.153462       0.823038       0.0234997
END
