Secondary Structure Prediction Output (Part of REGAd3p ASA Prediction)
TARGET: P49841-1, Length: 60

SR#  AA  SSp  pCoil          pBeta          pHelix
1    M   C    0.600685       0.239764       0.159552
2    S   E    0.435994       0.444093       0.119913
3    G   E    0.39788        0.467592       0.134528
4    R   E    0.38183        0.545536       0.072634
5    P   E    0.281991       0.651285       0.0667235
6    R   E    0.236685       0.699869       0.0634463
7    T   E    0.172512       0.762722       0.0647663
8    T   E    0.127819       0.800413       0.0717674
9    S   E    0.0831604      0.851816       0.0650239
10   F   E    0.0354357      0.916675       0.0478892
11   A   E    0.0438541      0.89874        0.0574059
12   E   E    0.0668937      0.80695        0.126157
13   S   E    0.127898       0.713207       0.158894
14   C   E    0.156421       0.674401       0.169178
15   K   E    0.284533       0.597703       0.117764
16   P   E    0.326061       0.549959       0.123981
17   V   E    0.251937       0.604243       0.143821
18   Q   E    0.174786       0.722935       0.10228
19   Q   E    0.256994       0.66273        0.0802755
20   P   E    0.360422       0.535198       0.10438
21   S   E    0.240425       0.662818       0.0967571
22   A   E    0.130746       0.788045       0.0812088
23   F   E    0.09858        0.813639       0.0877809
24   G   E    0.155274       0.722733       0.121993
25   S   E    0.228223       0.590304       0.181473
26   M   E    0.173036       0.671121       0.155843
27   K   E    0.273281       0.609434       0.117286
28   V   E    0.281259       0.535173       0.183568
29   S   E    0.270747       0.547217       0.182036
30   R   E    0.260998       0.535477       0.203525
31   D   E    0.24117        0.583439       0.175391
32   K   E    0.292663       0.549599       0.157738
33   D   E    0.26627        0.650699       0.0830309
34   G   E    0.239995       0.720916       0.0390888
35   S   E    0.290392       0.689635       0.0199737
36   K   E    0.149044       0.839426       0.0115303
37   V   E    0.0820499      0.905925       0.0120256
38   T   E    0.0364404      0.955837       0.00772213
39   T   E    0.0470219      0.940768       0.0122101
40   V   E    0.0291591      0.956259       0.0145824
41   V   E    0.0206681      0.964222       0.0151097
42   A   E    0.0316759      0.941961       0.0263633
43   T   E    0.10366        0.852682       0.0436574
44   P   E    0.102852       0.833987       0.0631608
45   G   E    0.130574       0.793595       0.0758308
46   Q   E    0.200041       0.741979       0.0579794
47   G   E    0.302985       0.639016       0.0579995
48   P   E    0.288534       0.655264       0.0562021
49   D   E    0.192218       0.775502       0.0322806
50   R   E    0.226737       0.752147       0.0211166
51   P   E    0.254081       0.723348       0.0225718
52   Q   E    0.0992716      0.886963       0.0137658
53   E   E    0.0580698      0.932854       0.00907662
54   V   E    0.0233096      0.970467       0.00622329
55   S   E    0.0299957      0.961519       0.008485
56   Y   E    0.0260474      0.959358       0.0145942
57   T   E    0.0381644      0.94313        0.0187059
58   D   E    0.0961143      0.87245        0.0314356
59   T   E    0.286203       0.667522       0.046275
60   K   C    0.563294       0.369971       0.0667351
END
