Secondary Structure Prediction Output (Part of REGAd3p ASA Prediction)
TARGET: Q9Y613, Length: 60

SR#  AA  SSp  pCoil          pBeta          pHelix
1    M   C    0.473066       0.270636       0.256298
2    A   E    0.226752       0.564802       0.208446
3    G   E    0.253743       0.4971         0.249157
4    G   E    0.226476       0.523968       0.249556
5    E   E    0.178089       0.516253       0.305658
6    D   E    0.186192       0.562697       0.251111
7    R   E    0.248121       0.559702       0.192176
8    G   E    0.30889        0.590999       0.10011
9    D   E    0.371526       0.574536       0.053938
10   G   E    0.351664       0.624885       0.0234515
11   E   E    0.306432       0.682919       0.0106499
12   P   E    0.21437        0.781479       0.00415084
13   V   E    0.0994525      0.898275       0.00227245
14   S   E    0.0579374      0.940304       0.0017585
15   V   E    0.0449367      0.952812       0.00225138
16   V   E    0.0284992      0.967711       0.00378939
17   T   E    0.0325723      0.960773       0.00665451
18   V   E    0.0228677      0.970969       0.00616316
19   R   E    0.0462116      0.948452       0.00533605
20   V   E    0.0661103      0.925361       0.00852917
21   Q   E    0.0765099      0.919837       0.00365297
22   Y   E    0.098946       0.892439       0.00861514
23   L   E    0.100941       0.883417       0.0156422
24   E   E    0.0941002      0.885731       0.0201687
25   D   E    0.128631       0.840075       0.0312939
26   T   E    0.0838095      0.892349       0.0238411
27   D   E    0.0451159      0.944389       0.0104948
28   P   E    0.0372552      0.946404       0.0163403
29   F   E    0.0279958      0.949507       0.022497
30   A   E    0.0472967      0.889245       0.0634585
31   C   E    0.0513654      0.858654       0.0899801
32   A   E    0.0421811      0.903405       0.0544135
33   N   E    0.0599051      0.901344       0.0387508
34   F   E    0.0296263      0.950606       0.019768
35   P   E    0.025481       0.959556       0.0149626
36   E   E    0.0373757      0.939897       0.022727
37   P   E    0.0245747      0.956969       0.018456
38   R   E    0.0311358      0.946707       0.0221572
39   R   E    0.0470376      0.936812       0.0161509
40   A   E    0.0754454      0.91082        0.013735
41   P   E    0.0691407      0.923004       0.00785531
42   T   E    0.101136       0.885156       0.0137085
43   C   E    0.103643       0.87867        0.017687
44   S   E    0.188105       0.793156       0.0187391
45   L   E    0.169049       0.805663       0.0252874
46   D   E    0.16947        0.802508       0.0280224
47   G   E    0.214768       0.742967       0.0422657
48   A   E    0.309099       0.662478       0.0284235
49   L   E    0.260946       0.71519        0.0238643
50   P   E    0.374572       0.599533       0.0258953
51   L   E    0.365511       0.576664       0.0578251
52   G   E    0.341772       0.591353       0.0668748
53   A   E    0.207854       0.716199       0.075947
54   Q   E    0.101232       0.86561        0.0331576
55   I   E    0.0785327      0.885684       0.0357831
56   P   E    0.0944063      0.862105       0.0434884
57   A   E    0.0892576      0.869757       0.0409853
58   V   E    0.19989        0.736708       0.0634012
59   H   E    0.274346       0.638164       0.0874898
60   R   C    0.506674       0.406805       0.0865209
END
