Secondary Structure Prediction Output (Part of REGAd3p ASA Prediction)
TARGET: O14733-1, Length: 60

SR#  AA  SSp  pCoil          pBeta          pHelix
1    M   E    0.307769       0.540117       0.152115
2    A   E    0.100064       0.813343       0.0865922
3    A   E    0.0743462      0.856303       0.0693512
4    S   E    0.0446586      0.916759       0.0385826
5    S   E    0.0566374      0.895581       0.0477821
6    L   E    0.0429057      0.86323        0.0938646
7    E   E    0.0633167      0.827829       0.108854
8    Q   E    0.094461       0.824372       0.0811669
9    K   E    0.197695       0.741805       0.0605004
10   L   E    0.092592       0.857186       0.0502218
11   S   E    0.08781        0.880549       0.0316411
12   R   E    0.13319        0.824155       0.0426553
13   L   E    0.0662883      0.89241        0.0413017
14   E   E    0.0386573      0.927872       0.0334711
15   A   E    0.0821716      0.871083       0.0467452
16   K   E    0.142021       0.826311       0.031668
17   L   E    0.09155        0.855165       0.0532849
18   K   E    0.11898        0.82126        0.0597597
19   Q   E    0.0981756      0.824318       0.0775066
20   E   E    0.0730078      0.860197       0.0667957
21   N   E    0.0849915      0.784463       0.130545
22   R   E    0.0655054      0.722185       0.21231
23   E   E    0.0750846      0.698886       0.226029
24   A   E    0.0976538      0.66645        0.235896
25   R   E    0.157372       0.580855       0.261773
26   R   E    0.196329       0.611017       0.192654
27   R   E    0.258344       0.588596       0.15306
28   I   E    0.329495       0.489742       0.180763
29   D   E    0.384371       0.46953        0.146099
30   L   E    0.292923       0.503708       0.203369
31   N   E    0.353867       0.46468        0.181453
32   L   E    0.22035        0.507745       0.271905
33   D   E    0.159538       0.689031       0.151431
34   I   E    0.129204       0.673108       0.197688
35   S   E    0.253511       0.594558       0.151931
36   P   E    0.239052       0.580098       0.18085
37   Q   E    0.27717        0.624137       0.0986923
38   R   E    0.446726       0.480283       0.0729908
39   P   C    0.483319       0.476864       0.0398171
40   R   E    0.426228       0.546615       0.027157
41   P   E    0.432788       0.539471       0.0277405
42   T   E    0.383526       0.581457       0.0350173
43   L   E    0.292038       0.652096       0.0558664
44   Q   E    0.326045       0.618632       0.0553234
45   L   E    0.313438       0.612664       0.0738977
46   P   E    0.344059       0.590507       0.065434
47   L   E    0.327388       0.542329       0.130283
48   A   E    0.34321        0.539952       0.116839
49   N   C    0.45956        0.409305       0.131136
50   D   C    0.507981       0.333308       0.158712
51   G   C    0.571369       0.298844       0.129787
52   G   C    0.615963       0.294538       0.0894996
53   S   C    0.573093       0.348781       0.0781258
54   R   C    0.53562        0.391523       0.072857
55   S   C    0.500789       0.450604       0.0486072
56   P   E    0.446843       0.49934        0.0538172
57   S   E    0.431283       0.522764       0.045953
58   S   C    0.494791       0.459817       0.0453919
59   E   C    0.656881       0.301093       0.0420261
60   S   C    0.825869       0.122716       0.0514147
END
