Secondary Structure Prediction Output (Part of REGAd3p ASA Prediction)
TARGET: Q9UBT2-1, Length: 60

SR#  AA  SSp  pCoil          pBeta          pHelix
1    M   C    0.683899       0.275569       0.0405318
2    A   C    0.576493       0.37593        0.0475771
3    L   E    0.45795        0.482237       0.0598137
4    S   E    0.279984       0.659426       0.0605899
5    R   E    0.186692       0.780278       0.03303
6    G   E    0.232044       0.741815       0.0261412
7    L   E    0.137982       0.838735       0.0232821
8    P   E    0.146894       0.828611       0.0244954
9    R   E    0.229246       0.743505       0.0272483
10   E   E    0.284241       0.697564       0.0181941
11   L   E    0.172071       0.814301       0.0136276
12   A   E    0.202308       0.787425       0.0102666
13   E   E    0.202874       0.787003       0.0101235
14   A   E    0.214296       0.775209       0.0104947
15   V   E    0.177724       0.805493       0.0167832
16   A   E    0.239855       0.740824       0.0193213
17   G   E    0.26346        0.713499       0.0230409
18   G   E    0.280477       0.703671       0.0158524
19   R   E    0.1958         0.799036       0.00516406
20   V   E    0.183714       0.811269       0.00501633
21   L   E    0.177357       0.815151       0.00749209
22   V   E    0.104063       0.885627       0.0103098
23   V   E    0.0500567      0.943003       0.00693992
24   G   E    0.0598417      0.935147       0.00501076
25   A   E    0.0826555      0.912026       0.00531868
26   G   E    0.0971429      0.894559       0.00829789
27   G   E    0.125382       0.8676         0.00701802
28   I   E    0.0806843      0.912684       0.00663198
29   G   E    0.14484        0.84859        0.00657059
30   C   E    0.110428       0.88595        0.00362155
31   E   E    0.164087       0.832621       0.00329162
32   L   E    0.278727       0.717441       0.00383177
33   L   E    0.276616       0.718639       0.00474577
34   K   E    0.211403       0.784533       0.004064
35   N   E    0.261507       0.734742       0.00375055
36   L   E    0.158272       0.83829        0.00343867
37   V   E    0.237363       0.75658        0.00605726
38   L   E    0.199813       0.786332       0.0138547
39   T   E    0.168225       0.818595       0.01318
40   G   E    0.14871        0.839219       0.0120718
41   F   E    0.137591       0.847175       0.0152336
42   S   E    0.245546       0.73208        0.0223736
43   H   E    0.360494       0.616742       0.0227639
44   I   E    0.229189       0.751854       0.0189575
45   D   E    0.258879       0.723945       0.0171765
46   L   E    0.183797       0.798082       0.0181209
47   I   E    0.0774644      0.913761       0.00877462
48   D   E    0.173677       0.813828       0.0124942
49   L   E    0.178816       0.803167       0.0180173
50   D   E    0.198102       0.785738       0.0161603
51   T   E    0.126504       0.859015       0.0144812
52   I   E    0.0707528      0.91986        0.0093874
53   D   E    0.0910626      0.899756       0.00918168
54   V   E    0.117852       0.866121       0.0160271
55   S   E    0.156504       0.821961       0.0215355
56   N   E    0.412294       0.541438       0.0462678
57   L   E    0.40881        0.505133       0.0860569
58   N   E    0.370031       0.536687       0.0932826
59   R   E    0.435415       0.452405       0.112181
60   Q   C    0.596597       0.334477       0.0689267
END
