Secondary Structure Prediction Output (Part of REGAd3p ASA Prediction)
TARGET: O75324, Length: 60

SR#  AA  SSp  pCoil          pBeta          pHelix
1    M   C    0.771071       0.154822       0.0741069
2    S   C    0.466467       0.457064       0.0764692
3    I   E    0.224846       0.653957       0.121197
4    M   E    0.13384        0.75218        0.11398
5    D   E    0.174504       0.731152       0.0943446
6    H   E    0.214019       0.717535       0.0684466
7    S   E    0.212717       0.75552        0.0317625
8    P   E    0.133607       0.842497       0.0238954
9    T   E    0.126944       0.856868       0.0161886
10   T   E    0.0926646      0.890778       0.016557
11   G   E    0.0844861      0.901533       0.0139806
12   V   E    0.0449228      0.947252       0.00782508
13   V   E    0.0316445      0.960475       0.00788003
14   T   E    0.0481437      0.937424       0.0144324
15   V   E    0.0358997      0.948573       0.0155272
16   I   E    0.0298852      0.945067       0.0250481
17   V   E    0.0277934      0.93662        0.0355869
18   I   E    0.0448869      0.891507       0.0636057
19   L   E    0.0603508      0.809353       0.130297
20   I   E    0.0535192      0.76041        0.18607
21   A   E    0.0944768      0.655366       0.250157
22   I   E    0.0881177      0.545279       0.366603
23   A   E    0.124864       0.485047       0.390089
24   A   E    0.203359       0.446428       0.350213
25   L   E    0.246124       0.385548       0.368328
26   G   E    0.385733       0.394594       0.219673
27   A   C    0.429414       0.359364       0.211222
28   L   E    0.218192       0.564388       0.217419
29   I   E    0.114697       0.606734       0.278569
30   L   E    0.0673654      0.509532       0.423102
31   G   E    0.0683341      0.499009       0.432657
32   C   E    0.033486       0.625087       0.341427
33   W   E    0.0244566      0.752148       0.223395
34   C   E    0.0367577      0.832351       0.130891
35   Y   E    0.0942103      0.757792       0.147997
36   L   E    0.141682       0.699656       0.158662
37   R   E    0.295428       0.593265       0.111307
38   L   E    0.29977        0.53485        0.16538
39   Q   E    0.249135       0.638611       0.112254
40   R   E    0.207444       0.708104       0.0844516
41   I   E    0.11347        0.838142       0.048388
42   S   E    0.120585       0.825829       0.0535866
43   Q   E    0.160108       0.774853       0.0650383
44   S   E    0.115269       0.808461       0.07627
45   E   E    0.061577       0.877792       0.060631
46   D   E    0.0579597      0.882096       0.0599439
47   E   E    0.0548781      0.891029       0.0540929
48   E   E    0.0561337      0.897621       0.0462453
49   S   E    0.0585354      0.905868       0.0355969
50   I   E    0.0332456      0.930965       0.0357896
51   V   E    0.0203682      0.933139       0.0464925
52   G   E    0.0399644      0.875585       0.0844509
53   D   E    0.0588238      0.832821       0.108355
54   G   E    0.0770954      0.831119       0.091786
55   E   E    0.116062       0.805764       0.0781737
56   T   E    0.120514       0.807384       0.0721021
57   K   E    0.153008       0.76624        0.0807522
58   E   E    0.163719       0.775551       0.0607297
59   P   E    0.234656       0.720142       0.0452024
60   F   E    0.355222       0.563945       0.0808329
END
