Secondary Structure Prediction Output (Part of REGAd3p ASA Prediction)
TARGET: Q02548-1, Length: 60

SR#  AA  SSp  pCoil          pBeta          pHelix
1    M   C    0.604422       0.297213       0.0983656
2    D   E    0.373733       0.56089        0.0653771
3    L   E    0.241538       0.637035       0.121426
4    E   E    0.184891       0.679362       0.135747
5    K   E    0.168296       0.702857       0.128846
6    N   E    0.29804        0.609356       0.0926035
7    Y   E    0.276145       0.640414       0.0834415
8    P   E    0.31799        0.605876       0.0761346
9    T   E    0.338105       0.555963       0.105932
10   P   E    0.27894        0.588267       0.132793
11   R   E    0.292499       0.556579       0.150922
12   T   E    0.268747       0.520124       0.211129
13   S   E    0.237391       0.525202       0.237407
14   R   E    0.291347       0.428714       0.279939
15   T   E    0.267866       0.383865       0.348269
16   G   E    0.311724       0.416087       0.272189
17   H   E    0.215481       0.575743       0.208776
18   G   E    0.118251       0.765077       0.116672
19   G   E    0.179896       0.722521       0.0975826
20   V   E    0.174475       0.680086       0.145439
21   N   E    0.202937       0.606641       0.190422
22   Q   E    0.199366       0.645194       0.15544
23   L   E    0.156441       0.725724       0.117835
24   G   E    0.121608       0.810817       0.0675744
25   G   E    0.0976346      0.861621       0.0407443
26   V   E    0.0373827      0.942276       0.0203416
27   F   E    0.025421       0.958267       0.0163118
28   V   E    0.0490459      0.90936        0.0415938
29   N   E    0.171704       0.744167       0.0841294
30   G   E    0.235972       0.702165       0.0618637
31   R   E    0.264329       0.713105       0.0225653
32   P   E    0.172133       0.813268       0.0145992
33   L   E    0.14236        0.837046       0.0205942
34   P   E    0.0789745      0.900683       0.0203425
35   D   E    0.0475799      0.932231       0.0201892
36   V   E    0.0391261      0.936969       0.0239047
37   V   E    0.0502872      0.901189       0.048524
38   R   E    0.130039       0.762151       0.10781
39   Q   E    0.156899       0.741165       0.101936
40   R   E    0.124707       0.815632       0.0596612
41   I   E    0.0369672      0.929277       0.0337557
42   V   E    0.019061       0.961          0.0199391
43   E   E    0.0320854      0.936896       0.0310185
44   L   E    0.0382157      0.899887       0.0618969
45   A   E    0.0569571      0.866996       0.0760473
46   H   E    0.0734607      0.816592       0.109947
47   Q   E    0.108985       0.81453        0.0764851
48   G   E    0.141269       0.819813       0.0389179
49   V   E    0.0871231      0.88746        0.0254173
50   R   E    0.0577767      0.921938       0.020285
51   P   E    0.0372701      0.929768       0.0329615
52   C   E    0.0128206      0.964233       0.0229463
53   D   E    0.0133344      0.969314       0.0173516
54   I   E    0.0253305      0.933516       0.0411531
55   S   E    0.0910806      0.840193       0.0687259
56   R   E    0.184283       0.709078       0.106639
57   Q   E    0.27601        0.646462       0.0775279
58   L   E    0.276116       0.660981       0.0629026
59   R   E    0.434482       0.524763       0.0407548
60   V   C    0.495753       0.408012       0.0962352
END
