Secondary Structure Prediction Output (Part of REGAd3p ASA Prediction)
TARGET: P00747, Length: 60

SR#  AA  SSp  pCoil          pBeta          pHelix
1    M   E    0.370869       0.620289       0.00884222
2    E   E    0.242555       0.754383       0.00306209
3    H   E    0.253788       0.742262       0.00394982
4    K   E    0.203603       0.793128       0.00326851
5    E   E    0.15973        0.838745       0.00152547
6    V   E    0.0899067      0.909203       0.000890711
7    V   E    0.0509127      0.94847        0.000617012
8    L   E    0.0533612      0.945857       0.000781977
9    L   E    0.0799816      0.918751       0.00126735
10   L   E    0.0938033      0.904397       0.00179968
11   L   E    0.0868066      0.911341       0.00185202
12   L   E    0.0649052      0.933384       0.00171033
13   F   E    0.0450403      0.953264       0.00169522
14   L   E    0.0907955      0.903817       0.00538704
15   K   E    0.115109       0.879814       0.00507745
16   S   E    0.0860161      0.91054        0.00344393
17   G   E    0.118991       0.87819        0.00281957
18   Q   E    0.0862009      0.912297       0.00150212
19   G   E    0.16956        0.828604       0.00183539
20   E   E    0.24758        0.750937       0.00148344
21   P   E    0.1696         0.828504       0.00189597
22   L   E    0.127415       0.868957       0.00362744
23   D   E    0.063097       0.935428       0.00147466
24   D   E    0.0638413      0.934904       0.00125422
25   Y   E    0.0810007      0.916995       0.00200403
26   V   E    0.0757605      0.922206       0.00203327
27   N   E    0.144603       0.85144        0.00395685
28   T   E    0.0657251      0.929809       0.00446552
29   Q   E    0.0191956      0.979171       0.0016337
30   G   E    0.0408836      0.956246       0.00287014
31   A   E    0.0381189      0.960217       0.00166389
32   S   E    0.0290012      0.969613       0.0013855
33   L   E    0.0519578      0.945574       0.00246856
34   F   E    0.0417958      0.956864       0.00134026
35   S   E    0.0715491      0.926625       0.00182642
36   V   E    0.204282       0.791654       0.00406472
37   T   E    0.225802       0.770245       0.00395315
38   K   E    0.277791       0.718405       0.00380451
39   K   E    0.237476       0.760689       0.00183459
40   Q   E    0.125965       0.872477       0.00155744
41   L   E    0.154505       0.842368       0.00312755
42   G   E    0.142585       0.855547       0.00186776
43   A   E    0.19958        0.79621        0.00421028
44   G   E    0.170497       0.826383       0.00311911
45   S   E    0.0707942      0.927266       0.00194008
46   I   E    0.0286187      0.969081       0.00230043
47   E   E    0.0300782      0.965301       0.0046209
48   E   E    0.0133983      0.983714       0.00288764
49   C   E    0.00891997     0.988762       0.00231769
50   A   E    0.0175592      0.979795       0.00264542
51   A   E    0.0333187      0.964031       0.00265014
52   K   E    0.0419522      0.953707       0.0043409
53   C   E    0.0194517      0.977053       0.00349501
54   E   E    0.0327784      0.964785       0.00243634
55   E   E    0.108093       0.887303       0.0046041
56   D   E    0.141316       0.853005       0.00567969
57   E   E    0.18523        0.806309       0.00846097
58   E   E    0.21446        0.772124       0.0134163
59   F   E    0.129641       0.855296       0.0150632
60   T   E    0.414495       0.550582       0.0349234
END
