Secondary Structure Prediction Output (Part of REGAd3p ASA Prediction)
TARGET: P04156-1, Length: 60

SR#  AA  SSp  pCoil          pBeta          pHelix
1    M   C    0.781124       0.0808825      0.137993
2    A   C    0.647044       0.174135       0.178821
3    N   C    0.493435       0.286662       0.219903
4    L   E    0.168744       0.435867       0.395389
5    G   E    0.0798121      0.677349       0.242839
6    C   E    0.0210855      0.886116       0.092798
7    W   E    0.0123343      0.967517       0.0201489
8    M   E    0.0170031      0.967133       0.0158639
9    L   E    0.0494302      0.926856       0.0237135
10   V   E    0.0638893      0.910481       0.0256292
11   L   E    0.043195       0.930768       0.0260373
12   F   E    0.0464775      0.932835       0.0206873
13   V   E    0.0538128      0.915008       0.0311792
14   A   E    0.0946021      0.828408       0.0769899
15   T   E    0.0863668      0.790201       0.123433
16   W   E    0.0532741      0.819747       0.126979
17   S   E    0.0742901      0.800093       0.125617
18   D   E    0.0711686      0.812282       0.116549
19   L   E    0.0613861      0.820632       0.117982
20   G   E    0.0969685      0.751376       0.151655
21   L   E    0.0764474      0.553106       0.370447
22   C   E    0.0765107      0.598035       0.325455
23   K   E    0.109099       0.593537       0.297365
24   K   E    0.172266       0.593934       0.2338
25   R   E    0.234934       0.588051       0.177015
26   P   E    0.207635       0.645114       0.147251
27   K   E    0.178502       0.649783       0.171715
28   P   E    0.123574       0.716558       0.159868
29   G   E    0.0831313      0.777958       0.138911
30   G   E    0.0866928      0.764032       0.149276
31   W   E    0.0589381      0.77392        0.167141
32   N   E    0.124723       0.645222       0.230054
33   T   E    0.125293       0.495168       0.379539
34   G   E    0.198594       0.495684       0.305722
35   G   C    0.384646       0.370325       0.245028
36   S   E    0.388382       0.428953       0.182665
37   R   E    0.351715       0.495315       0.15297
38   Y   E    0.312949       0.54442        0.142631
39   P   E    0.193863       0.674822       0.131315
40   G   E    0.2334         0.642764       0.123837
41   Q   E    0.21055        0.69962        0.0898299
42   G   E    0.251524       0.687571       0.0609053
43   S   E    0.351658       0.587567       0.0607753
44   P   E    0.323223       0.570058       0.106718
45   G   E    0.346324       0.508752       0.144924
46   G   C    0.414169       0.405854       0.179977
47   N   E    0.339235       0.494576       0.166189
48   R   E    0.306808       0.574201       0.118991
49   Y   E    0.265582       0.617837       0.116581
50   P   E    0.302682       0.555733       0.141585
51   P   E    0.258499       0.498565       0.242936
52   Q   E    0.169115       0.566214       0.264672
53   G   E    0.176308       0.572629       0.251063
54   G   E    0.18318        0.516714       0.300107
55   G   E    0.199479       0.469494       0.331028
56   G   E    0.227088       0.484352       0.288561
57   W   E    0.268872       0.48122        0.249908
58   G   C    0.482436       0.40758        0.109984
59   Q   C    0.62769        0.307651       0.064659
60   P   C    0.7851         0.16144        0.0534597
END
