Secondary Structure Prediction Output (Part of REGAd3p ASA Prediction)
TARGET: Q9Y3D6, Length: 60

SR#  AA  SSp  pCoil          pBeta          pHelix
1    M   E    0.356984       0.492833       0.150184
2    E   E    0.123222       0.827147       0.0496311
3    A   E    0.116284       0.855482       0.0282339
4    V   E    0.0699134      0.903911       0.0261754
5    L   E    0.0362611      0.929366       0.0343725
6    N   E    0.0463024      0.914008       0.0396894
7    E   E    0.0420742      0.933337       0.0245892
8    L   E    0.0378983      0.947124       0.0149776
9    V   E    0.0284123      0.951093       0.0204951
10   S   E    0.0305286      0.948575       0.0208969
11   V   E    0.0251907      0.937786       0.0370233
12   E   E    0.022999       0.955897       0.0211041
13   D   E    0.0263623      0.959908       0.0137293
14   L   E    0.0292877      0.950883       0.0198288
15   L   E    0.043447       0.915436       0.0411168
16   K   E    0.0661424      0.873072       0.0607857
17   F   E    0.0344729      0.872298       0.0932288
18   E   E    0.0661134      0.8031         0.130786
19   K   E    0.141413       0.706525       0.152062
20   K   E    0.107186       0.780159       0.112655
21   F   E    0.0375896      0.891693       0.0707176
22   Q   E    0.064934       0.873124       0.0619418
23   S   E    0.104557       0.831928       0.063515
24   E   E    0.0790261      0.874935       0.0460385
25   K   E    0.0987463      0.827719       0.0735351
26   A   E    0.170296       0.736653       0.0930514
27   A   E    0.193634       0.702606       0.10376
28   G   E    0.217574       0.710983       0.071443
29   S   E    0.0755669      0.880261       0.0441721
30   V   E    0.0456696      0.922936       0.0313942
31   S   E    0.0882255      0.87794        0.0338347
32   K   E    0.141014       0.774895       0.0840903
33   S   E    0.0874881      0.824367       0.0881444
34   T   E    0.0500276      0.848884       0.101088
35   Q   E    0.0237054      0.931497       0.044798
36   F   E    0.00638007     0.956554       0.0370663
37   E   E    0.00595991     0.965582       0.0284582
38   Y   E    0.00215443     0.962835       0.0350105
39   A   E    0.00159968     0.971228       0.027172
40   W   E    0.000580077    0.972457       0.0269633
41   C   E    0.00166952     0.978807       0.0195233
42   L   E    0.00655246     0.947169       0.0462783
43   V   E    0.012094       0.932878       0.0550281
44   R   E    0.0439863      0.868265       0.0877489
45   S   E    0.0989316      0.790832       0.110236
46   K   E    0.16254        0.762304       0.0751559
47   Y   E    0.194425       0.650702       0.154873
48   N   E    0.260369       0.562975       0.176656
49   D   E    0.302067       0.511639       0.186294
50   D   E    0.205983       0.695478       0.098539
51   I   E    0.0754194      0.84536        0.0792208
52   R   E    0.0686627      0.870964       0.0603738
53   K   E    0.0417131      0.924636       0.0336505
54   G   E    0.024932       0.958111       0.0169571
55   I   E    0.0123423      0.979571       0.00808641
56   V   E    0.0172767      0.97418        0.00854313
57   L   E    0.024603       0.956621       0.0187755
58   L   E    0.0390366      0.919733       0.0412302
59   E   E    0.0837638      0.863913       0.0523233
60   E   E    0.271962       0.648193       0.0798452
END
