Secondary Structure Prediction Output (Part of REGAd3p ASA Prediction)
TARGET: Q04206-1, Length: 60

SR#  AA  SSp  pCoil          pBeta          pHelix
1    M   C    0.62616        0.136991       0.236848
2    D   C    0.471879       0.349398       0.178723
3    E   E    0.352016       0.465856       0.182127
4    L   E    0.184941       0.600029       0.21503
5    F   E    0.142912       0.647373       0.209715
6    P   E    0.200962       0.541087       0.257951
7    L   E    0.186424       0.57798        0.235596
8    I   E    0.135383       0.698353       0.166263
9    F   E    0.156879       0.717646       0.125475
10   P   E    0.265826       0.599961       0.134212
11   A   E    0.228942       0.646139       0.124919
12   E   E    0.213595       0.706368       0.0800371
13   P   E    0.21334        0.692659       0.0940011
14   A   E    0.210435       0.671724       0.117841
15   Q   E    0.146773       0.767735       0.0854916
16   A   E    0.188009       0.724847       0.0871437
17   S   E    0.183441       0.766089       0.0504696
18   G   E    0.198735       0.771626       0.029639
19   P   E    0.0944542      0.886936       0.0186099
20   Y   E    0.0281338      0.963348       0.00851868
21   V   E    0.0151823      0.972475       0.0123427
22   E   E    0.0111024      0.979592       0.00930599
23   I   E    0.0101925      0.978218       0.0115895
24   I   E    0.0111621      0.961323       0.027515
25   E   E    0.0259578      0.924196       0.0498463
26   Q   E    0.116174       0.820459       0.063367
27   P   E    0.148784       0.772207       0.0790091
28   K   E    0.173607       0.717716       0.108677
29   Q   E    0.12088        0.751827       0.127293
30   R   E    0.151032       0.690529       0.158439
31   G   E    0.128332       0.710344       0.161324
32   M   E    0.0818861      0.786824       0.131289
33   R   E    0.0819227      0.782322       0.135755
34   F   E    0.0712199      0.752155       0.176626
35   R   E    0.0890664      0.802717       0.108216
36   Y   E    0.0455182      0.813624       0.140858
37   K   E    0.0279067      0.85596        0.116133
38   C   E    0.0167841      0.81677        0.166446
39   E   E    0.0332296      0.846378       0.120392
40   G   E    0.0881354      0.722822       0.189042
41   R   E    0.118228       0.731535       0.150236
42   S   E    0.090831       0.781963       0.127206
43   A   E    0.1108         0.75989        0.12931
44   G   E    0.122368       0.808072       0.0695605
45   S   E    0.0913545      0.872854       0.035791
46   I   E    0.0388176      0.942704       0.018478
47   P   E    0.0610648      0.910669       0.0282661
48   G   E    0.0785469      0.888421       0.0330321
49   E   E    0.0831366      0.888319       0.0285444
50   R   E    0.0921178      0.888004       0.0198781
51   S   E    0.146284       0.824066       0.0296505
52   T   E    0.134348       0.838496       0.0271553
53   D   E    0.119283       0.845255       0.0354616
54   T   E    0.136529       0.822988       0.040483
55   T   E    0.186804       0.760276       0.0529204
56   K   E    0.139409       0.825107       0.0354842
57   T   E    0.0990787      0.879771       0.0211503
58   H   E    0.0783448      0.906744       0.014911
59   P   E    0.173468       0.808746       0.0177865
60   T   E    0.404238       0.548665       0.0470974
END
