Secondary Structure Prediction Output (Part of REGAd3p ASA Prediction)
TARGET: Q12972-1, Length: 60

SR#  AA  SSp  pCoil          pBeta          pHelix
1    M   C    0.522457       0.180587       0.296956
2    A   C    0.419138       0.34566        0.235202
3    A   E    0.349944       0.400636       0.24942
4    A   E    0.386924       0.424805       0.188271
5    A   E    0.386041       0.424807       0.189152
6    N   C    0.494283       0.344573       0.161143
7    S   E    0.412001       0.442148       0.14585
8    G   E    0.416012       0.445897       0.138091
9    S   E    0.44523        0.463895       0.0908742
10   S   C    0.493867       0.42432        0.0818138
11   L   E    0.343559       0.535493       0.120948
12   P   E    0.185885       0.726792       0.0873232
13   L   E    0.071236       0.87612        0.052644
14   F   E    0.024883       0.95424        0.0208766
15   D   E    0.0243579      0.962842       0.0128005
16   C   E    0.021411       0.965003       0.0135865
17   P   E    0.0167235      0.971395       0.0118819
18   T   E    0.0182501      0.966513       0.0152367
19   W   E    0.0151582      0.970476       0.0143657
20   A   E    0.0503772      0.929308       0.0203151
21   G   E    0.143448       0.825608       0.0309443
22   K   E    0.223292       0.757188       0.0195194
23   P   E    0.222394       0.755877       0.0217292
24   P   E    0.266468       0.716665       0.0168664
25   P   E    0.249138       0.728406       0.0224559
26   G   E    0.17935        0.80105        0.0195993
27   L   E    0.10271        0.878611       0.0186785
28   H   E    0.100369       0.881425       0.0182055
29   L   E    0.0850307      0.890766       0.0242028
30   D   E    0.0823589      0.893647       0.0239936
31   V   E    0.0444627      0.933021       0.0225162
32   V   E    0.0668849      0.895451       0.0376638
33   K   E    0.119858       0.818454       0.061688
34   G   E    0.244585       0.679891       0.0755248
35   D   E    0.246242       0.675691       0.0780676
36   K   E    0.213195       0.726422       0.0603827
37   L   E    0.105867       0.811117       0.083016
38   I   E    0.0746877      0.854761       0.0705513
39   E   E    0.141127       0.787747       0.0711253
40   K   E    0.176348       0.761653       0.0619987
41   L   E    0.0986332      0.851719       0.0496474
42   I   E    0.0511632      0.899091       0.0497457
43   I   E    0.0570515      0.833591       0.109357
44   D   E    0.097392       0.760742       0.141866
45   E   E    0.14859        0.697645       0.153766
46   K   E    0.202646       0.698682       0.0986719
47   K   E    0.165642       0.742107       0.0922504
48   Y   E    0.0629007      0.877517       0.0595823
49   Y   E    0.0172541      0.952926       0.0298197
50   L   E    0.00929213     0.967752       0.0229556
51   F   E    0.00978605     0.972408       0.0178055
52   G   E    0.0291312      0.946279       0.0245899
53   R   E    0.106025       0.863516       0.0304587
54   N   E    0.217529       0.742912       0.0395589
55   P   E    0.317297       0.633125       0.0495778
56   D   E    0.279651       0.65317        0.0671792
57   L   E    0.151333       0.715385       0.133281
58   C   E    0.108311       0.805853       0.0858362
59   D   E    0.125687       0.799124       0.0751889
60   F   E    0.250581       0.630082       0.119337
END
