Secondary Structure Prediction Output (Part of REGAd3p ASA Prediction)
TARGET: Q9UGL1-1, Length: 60

SR#  AA  SSp  pCoil          pBeta          pHelix
1    M   C    0.573954       0.40256        0.0234853
2    E   E    0.337147       0.640064       0.0227893
3    A   E    0.171194       0.813017       0.015789
4    A   E    0.114424       0.872708       0.0128678
5    T   E    0.117747       0.875319       0.00693418
6    T   E    0.119446       0.873657       0.00689689
7    L   E    0.10307        0.887923       0.00900652
8    H   E    0.135509       0.855036       0.00945482
9    P   E    0.17816        0.810224       0.0116167
10   G   E    0.268031       0.72413        0.00783975
11   P   E    0.165442       0.830391       0.00416714
12   R   E    0.151215       0.846397       0.00238789
13   P   E    0.193662       0.803473       0.00286522
14   A   E    0.193597       0.80406        0.00234253
15   L   E    0.156341       0.841131       0.00252716
16   P   E    0.257172       0.739764       0.00306336
17   L   E    0.247943       0.748016       0.00404132
18   G   E    0.291228       0.705885       0.00288703
19   G   E    0.296427       0.701374       0.00219869
20   P   E    0.274703       0.722883       0.00241367
21   G   E    0.250751       0.747599       0.00165087
22   P   E    0.348822       0.648627       0.0025515
23   L   E    0.304521       0.691761       0.0037173
24   G   E    0.1873         0.810296       0.00240359
25   E   E    0.134532       0.863221       0.00224744
26   F   E    0.0799931      0.918972       0.00103474
27   L   E    0.117813       0.881058       0.00112983
28   P   E    0.14355        0.855301       0.00114838
29   P   E    0.151247       0.847465       0.00128725
30   P   E    0.134086       0.864239       0.001675
31   E   E    0.09829        0.90007        0.00164017
32   C   E    0.082641       0.915721       0.00163808
33   P   E    0.11727        0.880039       0.00269113
34   V   E    0.0862204      0.911552       0.00222733
35   F   E    0.0949686      0.902434       0.00259743
36   E   E    0.243696       0.751085       0.00521948
37   P   E    0.252832       0.739287       0.00788136
38   S   E    0.201614       0.787161       0.0112248
39   W   E    0.167373       0.818326       0.0143006
40   E   E    0.191863       0.790038       0.0180993
41   E   E    0.133332       0.84956        0.0171079
42   F   E    0.119046       0.854671       0.0262829
43   A   E    0.196559       0.7664         0.0370415
44   D   E    0.324037       0.627612       0.0483514
45   P   E    0.221788       0.730432       0.0477801
46   F   E    0.145423       0.785589       0.0689885
47   A   E    0.0905373      0.865493       0.04397
48   F   E    0.114192       0.837439       0.0483686
49   I   E    0.149491       0.7931         0.0574097
50   H   E    0.263568       0.675634       0.060798
51   K   E    0.36083        0.556009       0.0831609
52   I   E    0.211215       0.72267        0.0661149
53   R   E    0.164317       0.790697       0.0449851
54   P   E    0.123293       0.837012       0.039695
55   I   E    0.0668566      0.892738       0.0404059
56   A   E    0.0839975      0.859744       0.0562588
57   E   E    0.159558       0.75021        0.0902315
58   Q   E    0.217704       0.734254       0.0480414
59   T   E    0.41782        0.526985       0.0551944
60   G   C    0.637395       0.307739       0.0548656
END
