Secondary Structure Prediction Output (Part of REGAd3p ASA Prediction)
TARGET: P02545-1, Length: 60

SR#  AA  SSp  pCoil          pBeta          pHelix
1    M   E    0.428942       0.498454       0.072604
2    E   E    0.140886       0.816143       0.0429712
3    T   E    0.107568       0.839434       0.0529981
4    P   E    0.0907251      0.758112       0.151163
5    S   E    0.0982483      0.498067       0.403685
6    Q   H    0.0912         0.32317        0.58563
7    R   H    0.160987       0.261651       0.577362
8    R   H    0.247828       0.24658        0.505591
9    A   H    0.291314       0.214162       0.494524
10   T   H    0.283015       0.231443       0.485542
11   R   H    0.239755       0.294509       0.465736
12   S   H    0.283176       0.290016       0.426808
13   G   H    0.254727       0.354007       0.391266
14   A   E    0.188542       0.418085       0.393372
15   Q   E    0.158252       0.549263       0.292484
16   A   E    0.206795       0.606326       0.186879
17   S   E    0.240629       0.669886       0.0894856
18   S   E    0.279952       0.670948       0.0491003
19   T   E    0.157174       0.825588       0.0172374
20   P   E    0.117164       0.867428       0.0154083
21   L   E    0.0696908      0.911751       0.0185587
22   S   E    0.0456345      0.940725       0.0136403
23   P   E    0.0362409      0.946987       0.0167725
24   T   E    0.0417954      0.939116       0.0190886
25   R   E    0.0318855      0.955024       0.0130907
26   I   E    0.0433725      0.935135       0.0214929
27   T   E    0.0750067      0.90302        0.0219736
28   R   E    0.12019        0.855712       0.0240975
29   L   E    0.128978       0.832102       0.0389205
30   Q   E    0.0728181      0.910326       0.016856
31   E   E    0.0731307      0.91055        0.0163196
32   K   E    0.0664704      0.923123       0.0104068
33   E   E    0.0475866      0.94467        0.00774378
34   D   E    0.0667986      0.924886       0.00831539
35   L   E    0.0889823      0.890316       0.0207013
36   Q   E    0.0608506      0.92752        0.0116292
37   E   E    0.132089       0.840576       0.0273345
38   L   E    0.118996       0.828797       0.0522069
39   N   E    0.132687       0.817673       0.0496404
40   D   E    0.15217        0.794089       0.0537412
41   R   E    0.141199       0.837509       0.0212918
42   L   E    0.0603716      0.913841       0.0257873
43   A   E    0.0424553      0.940482       0.0170627
44   V   E    0.0177889      0.96813        0.0140809
45   Y   E    0.00890529     0.982654       0.00844032
46   I   E    0.0072531      0.983893       0.00885373
47   D   E    0.0202461      0.964995       0.014759
48   R   E    0.0479855      0.933584       0.0184303
49   V   E    0.0484055      0.933158       0.0184363
50   R   E    0.0810366      0.905943       0.0130203
51   S   E    0.115543       0.873409       0.011048
52   L   E    0.0374795      0.951472       0.0110485
53   E   E    0.0317742      0.957095       0.0111306
54   T   E    0.0263821      0.948205       0.0254128
55   E   E    0.0286502      0.934162       0.0371877
56   N   E    0.0557987      0.8823         0.0619017
57   A   E    0.170544       0.744836       0.08462
58   G   E    0.436782       0.510784       0.0524335
59   L   C    0.649186       0.273793       0.0770211
60   R   C    0.763289       0.153682       0.0830286
END
