Secondary Structure Prediction Output (Part of REGAd3p ASA Prediction)
TARGET: P52630-3, Length: 60

SR#  AA  SSp  pCoil          pBeta          pHelix
1    M   E    0.254639       0.570739       0.174622
2    A   E    0.0749061      0.838503       0.0865912
3    Q   E    0.0285068      0.94959        0.0219035
4    W   E    0.0126065      0.977426       0.00996726
5    E   E    0.0346792      0.952538       0.0127823
6    M   E    0.0927215      0.891086       0.0161924
7    L   E    0.151552       0.825942       0.022506
8    Q   E    0.157152       0.833519       0.00932943
9    N   E    0.194568       0.796037       0.0093952
10   L   E    0.167305       0.813157       0.0195385
11   D   E    0.0772314      0.9102         0.0125691
12   S   E    0.0847839      0.900795       0.0144212
13   P   E    0.118621       0.858495       0.0228847
14   F   E    0.0356444      0.952          0.0123556
15   Q   E    0.0726067      0.909064       0.018329
16   D   E    0.164419       0.804716       0.0308652
17   Q   E    0.194257       0.790726       0.0150172
18   L   E    0.109864       0.877565       0.0125708
19   H   E    0.0432139      0.951522       0.00526413
20   Q   E    0.0261853      0.970281       0.00353417
21   L   E    0.0367543      0.955279       0.00796653
22   Y   E    0.0234202      0.970373       0.00620718
23   S   E    0.0640883      0.922715       0.0131969
24   H   E    0.202776       0.784258       0.012966
25   S   E    0.144105       0.849738       0.00615625
26   L   E    0.110774       0.880245       0.00898052
27   L   E    0.0759637      0.91255        0.0114862
28   P   E    0.0435713      0.946634       0.00979475
29   V   E    0.0211148      0.969583       0.00930249
30   D   E    0.0220715      0.969722       0.00820667
31   I   E    0.0184965      0.969743       0.0117607
32   R   E    0.054408       0.926485       0.0191065
33   Q   E    0.0644282      0.917277       0.0182949
34   Y   E    0.0613264      0.924347       0.0143262
35   L   E    0.0693276      0.90693        0.023742
36   A   E    0.0617574      0.917096       0.0211463
37   V   E    0.0181517      0.96995        0.0118985
38   W   E    0.00368979     0.991112       0.00519846
39   I   E    0.00267207     0.992851       0.00447713
40   E   E    0.0180218      0.962855       0.0191232
41   D   E    0.0665872      0.846604       0.086809
42   Q   E    0.06944        0.861762       0.0687982
43   N   E    0.0508812      0.911154       0.0379648
44   W   E    0.0131121      0.97203        0.0148581
45   Q   E    0.0149345      0.973721       0.0113442
46   E   E    0.0507442      0.918154       0.0311019
47   A   E    0.0563017      0.9239         0.0197984
48   A   E    0.0869785      0.896844       0.0161774
49   L   E    0.246517       0.73392        0.0195635
50   G   E    0.367087       0.612636       0.0202773
51   S   C    0.501128       0.46559        0.0332824
52   D   E    0.381983       0.583441       0.0345762
53   D   E    0.235063       0.738223       0.0267138
54   S   E    0.199189       0.777955       0.0228562
55   K   E    0.0862279      0.89319        0.0205818
56   A   E    0.0341811      0.957015       0.00880374
57   T   E    0.0513768      0.937935       0.010688
58   M   E    0.0612349      0.919518       0.0192474
59   L   E    0.101643       0.864189       0.0341682
60   F   E    0.145723       0.785031       0.0692456
END
