Secondary Structure Prediction Output (Part of REGAd3p ASA Prediction)
TARGET: P49354-1, Length: 60

SR#  AA  SSp  pCoil          pBeta          pHelix
1    M   C    0.53401        0.295862       0.170127
2    A   E    0.254705       0.606773       0.138522
3    A   E    0.203691       0.628297       0.168012
4    T   E    0.140173       0.674772       0.185055
5    E   E    0.114483       0.656465       0.229052
6    G   E    0.124623       0.683739       0.191638
7    V   E    0.114122       0.622658       0.26322
8    G   E    0.0904838      0.564704       0.344813
9    E   E    0.0848707      0.511443       0.403686
10   A   E    0.0819908      0.459266       0.458743
11   A   H    0.161229       0.323163       0.515609
12   Q   E    0.229502       0.429852       0.340646
13   G   C    0.404158       0.379341       0.216501
14   G   E    0.422337       0.44417        0.133492
15   E   E    0.356535       0.524958       0.118507
16   P   E    0.253981       0.631061       0.114958
17   G   E    0.284745       0.591612       0.123644
18   Q   E    0.246423       0.681169       0.0724075
19   P   E    0.224863       0.725612       0.0495258
20   A   E    0.177366       0.791986       0.0306485
21   Q   E    0.235369       0.747826       0.0168048
22   P   E    0.39015        0.594524       0.0153259
23   P   E    0.37567        0.607535       0.0167949
24   P   E    0.273897       0.709159       0.0169445
25   Q   E    0.269877       0.716436       0.0136875
26   P   E    0.27873        0.710153       0.0111178
27   H   E    0.240049       0.750227       0.00972451
28   P   E    0.237845       0.751443       0.0107122
29   P   E    0.321218       0.662894       0.0158885
30   P   E    0.42117        0.541499       0.0373312
31   P   E    0.36768        0.547705       0.0846153
32   Q   E    0.239524       0.660367       0.100108
33   Q   E    0.235482       0.65244        0.112078
34   Q   E    0.282434       0.636272       0.0812937
35   H   E    0.260777       0.667623       0.0716006
36   K   E    0.235006       0.659064       0.105931
37   E   E    0.171191       0.715698       0.113112
38   E   E    0.115971       0.768141       0.115888
39   M   E    0.101177       0.727389       0.171434
40   A   E    0.102024       0.719633       0.178343
41   A   E    0.129775       0.609333       0.260892
42   E   E    0.1868         0.545692       0.267508
43   A   E    0.235661       0.457708       0.306631
44   G   E    0.321387       0.441347       0.237266
45   E   E    0.295378       0.523437       0.181185
46   A   E    0.230512       0.674325       0.0951624
47   V   E    0.222541       0.654522       0.122938
48   A   E    0.237342       0.650038       0.112619
49   S   E    0.247635       0.689338       0.0630271
50   P   E    0.178266       0.760365       0.0613688
51   M   E    0.134156       0.777487       0.0883572
52   D   E    0.130131       0.79449        0.0753792
53   D   E    0.141499       0.780249       0.0782528
54   G   E    0.167539       0.765532       0.0669291
55   F   E    0.161525       0.763378       0.0750968
56   V   E    0.150989       0.73392        0.115091
57   S   E    0.194725       0.679762       0.125512
58   L   E    0.28065        0.569353       0.149997
59   D   E    0.394793       0.535896       0.069311
60   S   C    0.615077       0.323325       0.0615974
END
