Secondary Structure Prediction Output (Part of REGAd3p ASA Prediction)
TARGET: P24071-1, Length: 60

SR#  AA  SSp  pCoil          pBeta          pHelix
1    M   C    0.488672       0.469526       0.0418016
2    D   E    0.334861       0.645448       0.0196907
3    P   E    0.230793       0.743433       0.0257737
4    K   E    0.227602       0.753949       0.0184491
5    Q   E    0.141754       0.831051       0.0271946
6    T   E    0.1456         0.829227       0.0251724
7    T   E    0.101371       0.876728       0.0219002
8    L   E    0.0694548      0.895642       0.0349037
9    L   E    0.0218851      0.937785       0.0403302
10   C   E    0.0109737      0.960986       0.0280401
11   L   E    0.0158624      0.929269       0.0548682
12   V   E    0.0307374      0.889239       0.0800231
13   L   E    0.0322676      0.723857       0.243875
14   C   E    0.0581185      0.552669       0.389212
15   L   H    0.07359        0.378722       0.547688
16   G   H    0.169919       0.348361       0.481719
17   Q   H    0.129042       0.363411       0.507547
18   R   E    0.113677       0.473627       0.412696
19   I   E    0.112597       0.522692       0.364712
20   Q   E    0.0856592      0.713774       0.200566
21   A   E    0.100219       0.694955       0.204827
22   Q   E    0.0775038      0.858468       0.0640282
23   E   E    0.0915323      0.841831       0.0666363
24   G   E    0.108977       0.853788       0.0372349
25   D   E    0.066167       0.908559       0.0252738
26   F   E    0.025159       0.952534       0.0223073
27   P   E    0.0280188      0.948741       0.0232401
28   M   E    0.0240548      0.962963       0.0129822
29   P   E    0.0143407      0.976125       0.00953438
30   F   E    0.00635008     0.988053       0.00559683
31   I   E    0.00530499     0.987717       0.0069776
32   S   E    0.00784553     0.985677       0.00647778
33   A   E    0.00860638     0.984299       0.00709462
34   K   E    0.00855126     0.987651       0.00379782
35   S   E    0.0106702      0.985911       0.00341919
36   S   E    0.00966083     0.987495       0.00284451
37   P   E    0.0105725      0.985985       0.00344248
38   V   E    0.0057031      0.99103        0.00326657
39   I   E    0.00858419     0.987979       0.00343662
40   P   E    0.0451231      0.942194       0.0126831
41   L   E    0.11172        0.844338       0.0439418
42   D   E    0.188736       0.755073       0.0561914
43   G   E    0.268547       0.681311       0.050142
44   S   E    0.12292        0.847443       0.0296373
45   V   E    0.0241826      0.95747        0.0183474
46   K   E    0.0196322      0.959538       0.0208297
47   I   E    0.00632151     0.953526       0.0401526
48   Q   E    0.00484318     0.922363       0.0727938
49   C   E    0.00424235     0.843369       0.152389
50   Q   E    0.00652999     0.915945       0.0775253
51   A   E    0.0103341      0.920774       0.0688917
52   I   E    0.0175394      0.926207       0.0562539
53   R   E    0.0117812      0.884873       0.103345
54   E   E    0.0220425      0.859931       0.118027
55   A   E    0.0433822      0.869378       0.0872402
56   Y   E    0.0437211      0.920821       0.0354574
57   L   E    0.0539266      0.90623        0.0398432
58   T   E    0.0650719      0.908926       0.0260022
59   Q   E    0.126269       0.855782       0.017949
60   L   E    0.373923       0.55859        0.0674866
END
