Secondary Structure Prediction Output (Part of REGAd3p ASA Prediction)
TARGET: P02788-1, Length: 60

SR#  AA  SSp  pCoil          pBeta          pHelix
1    M   E    0.4253         0.558801       0.0158983
2    K   E    0.351865       0.640585       0.00754922
3    L   E    0.226083       0.761138       0.0127789
4    V   E    0.0789435      0.911563       0.00949303
5    F   E    0.0339153      0.959084       0.0070004
6    L   E    0.0678126      0.923385       0.00880202
7    V   E    0.0973305      0.896249       0.00642072
8    L   E    0.0897059      0.903079       0.0072151
9    L   E    0.101724       0.885022       0.0132537
10   F   E    0.0777446      0.913501       0.00875489
11   L   E    0.128294       0.857569       0.0141368
12   G   E    0.20011        0.788095       0.0117958
13   A   E    0.227748       0.760229       0.0120228
14   L   E    0.33192        0.652611       0.015469
15   G   E    0.237334       0.756389       0.00627657
16   L   E    0.153812       0.832554       0.0136336
17   C   E    0.106311       0.878692       0.0149963
18   L   E    0.10988        0.867231       0.0228889
19   A   E    0.265159       0.692384       0.0424569
20   G   E    0.207878       0.764142       0.0279805
21   R   E    0.130848       0.846448       0.0227047
22   R   E    0.148541       0.832069       0.0193897
23   R   E    0.240701       0.741028       0.018271
24   S   E    0.21118        0.769733       0.0190872
25   V   E    0.0486514      0.936881       0.0144677
26   Q   E    0.00920266     0.986584       0.00421299
27   W   E    0.00151163     0.997511       0.000977861
28   C   E    0.00143714     0.997699       0.000864315
29   A   E    0.00693674     0.990283       0.00278069
30   V   E    0.0436772      0.946587       0.00973567
31   S   E    0.0858287      0.905048       0.00912305
32   Q   E    0.171226       0.822002       0.00677149
33   P   E    0.210175       0.783622       0.00620296
34   E   E    0.110289       0.885336       0.00437494
35   A   E    0.112593       0.879533       0.00787367
36   T   E    0.154737       0.829503       0.0157594
37   K   E    0.0540788      0.931434       0.0144876
38   C   E    0.00955161     0.984496       0.00595261
39   F   E    0.0179318      0.970225       0.0118433
40   Q   E    0.0453957      0.938751       0.0158533
41   W   E    0.046908       0.933872       0.0192204
42   Q   E    0.0930448      0.883083       0.0238724
43   R   E    0.201447       0.770705       0.0278477
44   N   E    0.339363       0.626216       0.034421
45   M   E    0.219822       0.743363       0.0368153
46   R   E    0.243168       0.735629       0.0212022
47   K   E    0.318136       0.666799       0.0150655
48   V   E    0.206561       0.78344        0.00999917
49   R   E    0.166313       0.829808       0.00387859
50   G   E    0.328702       0.669078       0.00221988
51   P   E    0.2729         0.725888       0.00121188
52   P   E    0.203346       0.794607       0.00204704
53   V   E    0.0810421      0.914788       0.00416966
54   S   E    0.0414182      0.951978       0.00660335
55   C   E    0.0119903      0.983718       0.00429123
56   I   E    0.0130839      0.983829       0.00308713
57   K   E    0.0464696      0.947478       0.00605215
58   R   E    0.223071       0.764772       0.0121572
59   D   C    0.507045       0.472632       0.0203233
60   S   C    0.70077        0.278036       0.0211948
END
