Secondary Structure Prediction Output (Part of REGAd3p ASA Prediction)
TARGET: O60888-1, Length: 60

SR#  AA  SSp  pCoil          pBeta          pHelix
1    M   C    0.734919       0.0635886      0.201493
2    S   C    0.674546       0.121916       0.203539
3    G   C    0.607335       0.101508       0.291156
4    G   C    0.471408       0.189246       0.339346
5    R   E    0.324331       0.365689       0.30998
6    A   E    0.235591       0.536827       0.227581
7    P   E    0.171246       0.69848        0.130274
8    A   E    0.124975       0.755911       0.119115
9    V   E    0.0834563      0.815002       0.101542
10   L   E    0.0841824      0.753547       0.16227
11   L   E    0.0892204      0.668584       0.242196
12   G   E    0.118442       0.563897       0.317661
13   G   E    0.168543       0.624127       0.207331
14   V   E    0.290506       0.532295       0.177199
15   A   E    0.340567       0.513244       0.146189
16   S   E    0.301988       0.577728       0.120284
17   L   E    0.131881       0.762221       0.105897
18   L   E    0.0668161      0.860985       0.072199
19   L   E    0.0754524      0.83486        0.0896881
20   S   E    0.0883739      0.840643       0.0709829
21   F   E    0.0865699      0.810891       0.102539
22   V   E    0.06646        0.814029       0.119511
23   W   E    0.0633617      0.834751       0.101887
24   M   E    0.176548       0.688189       0.135264
25   P   E    0.275274       0.581195       0.143531
26   A   E    0.385931       0.498054       0.116014
27   L   E    0.316866       0.58677        0.0963636
28   L   E    0.259629       0.634927       0.105444
29   P   E    0.209756       0.682423       0.10782
30   V   E    0.120364       0.783403       0.0962333
31   A   E    0.121503       0.759678       0.118819
32   S   E    0.187668       0.677846       0.134486
33   R   E    0.207866       0.690425       0.10171
34   L   E    0.175896       0.716594       0.10751
35   L   E    0.166758       0.747039       0.0862037
36   L   E    0.195684       0.721846       0.0824699
37   L   E    0.227602       0.690653       0.0817454
38   P   E    0.193151       0.747645       0.0592047
39   R   E    0.16711        0.786552       0.0463379
40   V   E    0.1056         0.859315       0.0350852
41   L   E    0.0872306      0.872476       0.0402936
42   L   E    0.0822177      0.863118       0.0546638
43   T   E    0.0794828      0.873107       0.0474104
44   M   E    0.0711627      0.888347       0.0404899
45   A   E    0.12459        0.847554       0.0278556
46   S   E    0.256174       0.712891       0.0309349
47   G   E    0.478898       0.490252       0.0308499
48   S   C    0.515585       0.464755       0.0196602
49   P   C    0.510727       0.466806       0.0224664
50   P   E    0.422354       0.55018        0.0274659
51   T   E    0.405357       0.562217       0.0324258
52   Q   E    0.384229       0.589624       0.0261476
53   P   E    0.452537       0.526643       0.0208199
54   S   E    0.393855       0.584526       0.0216186
55   P   E    0.32143        0.649803       0.0287671
56   A   E    0.223224       0.744245       0.0325318
57   S   E    0.226314       0.735849       0.0378373
58   D   E    0.356151       0.577544       0.0663046
59   S   C    0.543755       0.385801       0.0704437
60   G   C    0.772616       0.152894       0.0744901
END
