Secondary Structure Prediction Output (Part of REGAd3p ASA Prediction)
TARGET: P23025, Length: 60

SR#  AA  SSp  pCoil          pBeta          pHelix
1    M   E    0.217603       0.560157       0.22224
2    A   E    0.0789057      0.811356       0.109738
3    A   E    0.110487       0.706022       0.183491
4    A   E    0.131852       0.66188        0.206267
5    D   E    0.248636       0.526247       0.225117
6    G   E    0.341447       0.444417       0.214136
7    A   E    0.294072       0.532243       0.173684
8    L   E    0.221481       0.565166       0.213353
9    P   E    0.204888       0.488329       0.306784
10   E   E    0.127608       0.457422       0.41497
11   A   E    0.105865       0.658479       0.235656
12   A   E    0.113877       0.673679       0.212444
13   A   E    0.152296       0.639623       0.208081
14   L   E    0.173833       0.608028       0.218139
15   E   E    0.214692       0.617252       0.168056
16   Q   E    0.237722       0.628222       0.134056
17   P   E    0.290123       0.553343       0.156534
18   A   E    0.174783       0.699746       0.125471
19   E   E    0.0799342      0.867094       0.0529721
20   L   E    0.0681946      0.858296       0.0735092
21   P   E    0.0692214      0.870151       0.060628
22   A   E    0.0539786      0.87208        0.0739416
23   S   E    0.091418       0.850556       0.0580265
24   V   E    0.109619       0.832438       0.0579429
25   R   E    0.221651       0.677581       0.100768
26   A   E    0.225889       0.667963       0.106148
27   S   E    0.186423       0.736042       0.0775357
28   I   E    0.058609       0.847153       0.0942376
29   E   E    0.056276       0.845957       0.097767
30   R   E    0.0863566      0.717002       0.196642
31   K   E    0.133853       0.526439       0.339708
32   R   H    0.160772       0.350333       0.488895
33   Q   H    0.138643       0.430567       0.430789
34   R   E    0.136265       0.559444       0.304291
35   A   E    0.138525       0.588018       0.273457
36   L   E    0.113374       0.527935       0.358692
37   M   E    0.147038       0.507015       0.345947
38   L   H    0.225423       0.379338       0.39524
39   R   H    0.294814       0.28812        0.417066
40   Q   E    0.263575       0.374837       0.361588
41   A   E    0.242421       0.466571       0.291008
42   R   E    0.227359       0.56781        0.204831
43   L   E    0.261389       0.519153       0.219458
44   A   E    0.262531       0.542914       0.194554
45   A   E    0.240469       0.646014       0.113517
46   R   E    0.190307       0.768111       0.041581
47   P   E    0.151287       0.81282        0.0358938
48   Y   E    0.139444       0.804311       0.056246
49   S   E    0.120429       0.801737       0.0778346
50   A   E    0.139803       0.717284       0.142913
51   T   E    0.11646        0.665929       0.217611
52   A   E    0.106913       0.621092       0.271995
53   A   E    0.116741       0.575138       0.308121
54   A   E    0.139264       0.49251        0.368226
55   A   E    0.181273       0.413013       0.405714
56   T   H    0.255146       0.339536       0.405318
57   G   H    0.312165       0.283078       0.404757
58   G   C    0.420986       0.279353       0.299661
59   M   C    0.484727       0.271068       0.244205
60   A   C    0.578288       0.168877       0.252836
END
