Secondary Structure Prediction Output (Part of REGAd3p ASA Prediction)
TARGET: P02458-2, Length: 60

SR#  AA  SSp  pCoil          pBeta          pHelix
1    M   C    0.553247       0.270957       0.175797
2    I   E    0.136421       0.630034       0.233546
3    R   E    0.122013       0.671281       0.206705
4    L   E    0.161712       0.635316       0.202972
5    G   E    0.300365       0.413457       0.286177
6    A   C    0.49425        0.190925       0.314825
7    P   C    0.565157       0.150773       0.28407
8    Q   C    0.565858       0.265236       0.168906
9    T   C    0.575723       0.240557       0.183719
10   L   C    0.537688       0.363176       0.0991358
11   V   C    0.453559       0.38257        0.163871
12   L   C    0.514069       0.311562       0.174369
13   L   C    0.381551       0.359337       0.259111
14   T   E    0.313805       0.384602       0.301593
15   L   E    0.215067       0.601134       0.183799
16   L   E    0.23021        0.57249        0.1973
17   V   E    0.311385       0.553282       0.135333
18   A   C    0.372788       0.307984       0.319228
19   A   H    0.348735       0.290175       0.36109
20   V   E    0.195818       0.468217       0.335966
21   L   E    0.142312       0.478525       0.379162
22   R   E    0.0966563      0.48503        0.418314
23   C   E    0.0665467      0.704398       0.229055
24   Q   E    0.064068       0.893893       0.0420386
25   G   E    0.138936       0.804081       0.0569825
26   Q   E    0.11737        0.865769       0.0168611
27   D   E    0.0914655      0.89793        0.0106042
28   V   E    0.055744       0.94061        0.00364596
29   Q   E    0.075927       0.920309       0.00376415
30   E   E    0.14022        0.848961       0.0108188
31   A   E    0.154091       0.838179       0.00772993
32   G   E    0.110743       0.885484       0.00377253
33   S   E    0.0836364      0.913011       0.00335216
34   C   E    0.016457       0.981892       0.00165094
35   V   E    0.0208828      0.977112       0.00200494
36   Q   E    0.0506922      0.946156       0.00315223
37   D   E    0.177809       0.815157       0.00703382
38   G   E    0.182048       0.812599       0.00535312
39   Q   E    0.0574453      0.94153        0.00102462
40   R   E    0.0563355      0.943167       0.000497702
41   Y   E    0.0819013      0.917258       0.000840373
42   N   E    0.0774893      0.921605       0.000905651
43   D   E    0.184255       0.811732       0.00401269
44   K   E    0.241574       0.753344       0.00508118
45   D   E    0.165222       0.831214       0.00356356
46   V   E    0.0353459      0.963787       0.000866881
47   W   E    0.0152316      0.984549       0.00021911
48   K   E    0.0656588      0.93391        0.000431376
49   P   E    0.176196       0.822798       0.00100663
50   E   E    0.13017        0.868305       0.00152579
51   P   E    0.0880161      0.909975       0.00200914
52   C   E    0.0279787      0.970458       0.00156289
53   R   E    0.0145536      0.984236       0.00121041
54   I   E    0.00901482     0.989433       0.00155229
55   C   E    0.00889304     0.98947        0.00163677
56   V   E    0.0166639      0.979835       0.00350109
57   C   E    0.0242271      0.970149       0.0056243
58   D   E    0.0608478      0.931504       0.00764811
59   T   E    0.16873        0.820092       0.0111785
60   G   E    0.41005        0.566162       0.0237885
END
