Secondary Structure Prediction Output (Part of REGAd3p ASA Prediction)
TARGET: P05121-1, Length: 60

SR#  AA  SSp  pCoil          pBeta          pHelix
1    M   C    0.685336       0.191594       0.123069
2    Q   C    0.515331       0.418107       0.0665616
3    M   C    0.49445        0.445446       0.0601042
4    S   E    0.397955       0.564558       0.0374867
5    P   E    0.301934       0.653378       0.0446873
6    A   E    0.211159       0.762604       0.0262374
7    L   E    0.108059       0.874762       0.0171788
8    T   E    0.077485       0.905769       0.0167456
9    C   E    0.0536024      0.929264       0.0171333
10   L   E    0.0762637      0.906949       0.0167875
11   V   E    0.10722        0.873396       0.019384
12   L   E    0.174388       0.793984       0.031628
13   G   E    0.311203       0.659433       0.0293632
14   L   E    0.281533       0.687727       0.03074
15   A   E    0.242471       0.724121       0.0334079
16   L   E    0.214179       0.729757       0.0560641
17   V   E    0.148207       0.790764       0.0610285
18   F   E    0.127567       0.808285       0.0641478
19   G   E    0.255598       0.662059       0.0823425
20   E   E    0.278459       0.653536       0.0680053
21   G   E    0.278666       0.674942       0.0463922
22   S   E    0.28929        0.658245       0.0524656
23   A   E    0.201154       0.766289       0.0325567
24   V   E    0.177258       0.794639       0.0281025
25   H   E    0.26894        0.701613       0.0294475
26   H   E    0.27641        0.702841       0.0207489
27   P   E    0.39957        0.581395       0.0190351
28   P   E    0.315819       0.665861       0.0183195
29   S   E    0.235969       0.738332       0.0256989
30   Y   E    0.119697       0.857356       0.0229469
31   V   E    0.095342       0.875895       0.0287635
32   A   E    0.0673709      0.915083       0.0175463
33   H   E    0.0616661      0.928724       0.0096101
34   L   E    0.135675       0.841527       0.0227981
35   A   E    0.181455       0.782952       0.0355931
36   S   E    0.0917458      0.882342       0.0259122
37   D   E    0.0476268      0.93007        0.0223029
38   F   E    0.0177247      0.966359       0.0159167
39   G   E    0.0435699      0.932564       0.0238661
40   V   E    0.0287165      0.925462       0.0458216
41   R   E    0.0279703      0.934323       0.0377069
42   V   E    0.0223457      0.912074       0.0655799
43   F   E    0.0166652      0.926788       0.0565472
44   Q   E    0.0336358      0.863565       0.102799
45   Q   E    0.0762429      0.860081       0.0636763
46   V   E    0.0742036      0.862506       0.0632907
47   A   E    0.129143       0.778203       0.0926542
48   Q   E    0.157428       0.745844       0.096728
49   A   E    0.241093       0.688537       0.0703699
50   S   E    0.219147       0.741101       0.0397521
51   K   E    0.179135       0.790026       0.0308398
52   D   E    0.121634       0.858806       0.01956
53   R   E    0.0573233      0.933733       0.00894372
54   N   E    0.0512733      0.942078       0.00664819
55   V   E    0.00939235     0.986892       0.00371593
56   V   E    0.0035327      0.993378       0.00308906
57   F   E    0.0028557      0.992571       0.00457288
58   S   E    0.0123007      0.982951       0.00474799
59   P   E    0.0387945      0.953113       0.00809259
60   Y   E    0.122392       0.85735        0.0202584
END
