Secondary Structure Prediction Output (Part of REGAd3p ASA Prediction)
TARGET: Q9H2S9-1, Length: 60

SR#  AA  SSp  pCoil          pBeta          pHelix
1    M   C    0.763937       0.203087       0.0329761
2    H   C    0.51851        0.452414       0.0290753
3    T   C    0.488384       0.475981       0.0356353
4    P   E    0.333597       0.615935       0.0504675
5    P   E    0.175795       0.750879       0.073326
6    A   E    0.117685       0.793131       0.0891836
7    L   E    0.122809       0.72971        0.147481
8    P   E    0.156547       0.562352       0.281101
9    R   H    0.190605       0.40354        0.405855
10   R   E    0.177126       0.580096       0.242779
11   F   E    0.146559       0.642406       0.211035
12   Q   E    0.215452       0.632189       0.152359
13   G   E    0.418876       0.421103       0.160021
14   G   C    0.406559       0.399324       0.194117
15   G   E    0.333739       0.435335       0.230926
16   R   E    0.350172       0.449994       0.199834
17   V   E    0.272952       0.566631       0.160418
18   R   E    0.341507       0.530062       0.128431
19   T   E    0.355155       0.475343       0.169502
20   P   E    0.310696       0.504902       0.184402
21   G   E    0.405083       0.450528       0.144389
22   S   C    0.487394       0.323509       0.189097
23   H   E    0.341265       0.358304       0.300431
24   R   E    0.330555       0.40286        0.266585
25   Q   E    0.386571       0.387077       0.226351
26   G   C    0.469577       0.38241        0.148013
27   K   C    0.450887       0.413601       0.135512
28   D   C    0.455458       0.404564       0.139978
29   N   C    0.522398       0.368383       0.109218
30   L   E    0.408552       0.450067       0.14138
31   E   E    0.321722       0.532505       0.145773
32   R   E    0.38196        0.522879       0.0951611
33   D   E    0.469635       0.476552       0.0538126
34   P   E    0.429052       0.521254       0.0496933
35   S   E    0.390505       0.55594        0.0535552
36   G   E    0.35288        0.567536       0.0795845
37   G   E    0.323251       0.596326       0.0804226
38   C   E    0.188345       0.752823       0.0588318
39   V   E    0.201677       0.736048       0.0622755
40   P   E    0.252206       0.652344       0.0954499
41   D   E    0.311361       0.565566       0.123073
42   F   E    0.31331        0.578504       0.108186
43   L   E    0.43617        0.449122       0.114708
44   P   E    0.372512       0.435742       0.191746
45   Q   E    0.280937       0.491835       0.227227
46   A   E    0.212542       0.5743         0.213159
47   Q   E    0.172298       0.710963       0.116739
48   D   E    0.174474       0.69708        0.128446
49   S   E    0.140093       0.73203        0.127877
50   N   E    0.183256       0.671248       0.145496
51   H   E    0.208913       0.591341       0.199747
52   F   E    0.139502       0.631824       0.228674
53   I   E    0.0786511      0.691224       0.230125
54   M   E    0.0913636      0.626672       0.281964
55   E   E    0.131112       0.581439       0.287449
56   S   E    0.164306       0.653651       0.182043
57   L   E    0.124773       0.713698       0.161529
58   F   E    0.0684055      0.848419       0.0831756
59   C   E    0.117848       0.765772       0.11638
60   E   C    0.495236       0.336485       0.16828
END
